chemical1	chemical2	similarity	experimental	database	textmining	combined_score
CID056842121	CID009933475	0	0	0	362	362
CID056842121	CID056842117	0	0	0	830	830
CID056842121	CID010302451	0	0	0	179	178
CID056842121	CID011167602	0	0	0	290	290
CID056842121	CID003081361	0	0	0	233	233
CID056842121	CID006918289	0	0	0	197	196
CID056842121	CID000441276	0	0	0	481	481
CID056842121	CID000387447	0	0	0	168	167
CID056842121	CID000123631	0	0	0	482	482
CID056842121	CID000104842	0	0	0	394	394
CID056842121	CID000003385	0	0	0	768	768
CID056842121	CID000002767	0	0	0	543	543
CID056842117	CID056842121	0	0	0	830	830
CID056842117	CID011167602	0	0	0	362	362
CID056842117	CID009933475	0	0	0	289	288
CID056842117	CID006918289	0	0	0	169	169
CID056842117	CID000123631	0	0	0	460	460
CID056842117	CID003081361	0	0	0	281	281
CID056842117	CID000441276	0	0	0	396	396
CID056842117	CID000104842	748	0	0	536	536
CID056842117	CID000002767	0	0	0	485	485
CID056842117	CID000003385	0	0	0	764	764
CID056649450	CID024964624	0	0	0	321	321
CID056649450	CID025262792	0	0	0	489	489
CID056649450	CID025262965	0	0	0	489	489
CID056649450	CID025227436	0	0	0	394	394
CID056649450	CID016654980	0	0	0	421	421
CID056649450	CID017755052	0	0	0	363	363
CID056649450	CID011625818	0	0	0	540	540
CID056649450	CID006918289	0	0	0	168	167
CID044424639	CID000441276	0	0	0	187	187
CID025262965	CID010127622	0	0	0	292	292
CID025262965	CID056649450	0	0	0	489	489
CID025262965	CID025262792	789	0	0	537	537
CID025262965	CID025227436	0	0	0	265	265
CID025262965	CID010302451	0	0	0	166	166
CID025262965	CID024978538	0	0	0	185	185
CID025262965	CID024964624	0	0	0	489	489
CID025262965	CID017755052	0	0	0	399	399
CID025262965	CID016654980	0	0	0	290	290
CID025262965	CID006918289	0	0	0	485	485
CID025262965	CID011625818	0	0	0	330	329
CID025262792	CID056649450	0	0	0	489	489
CID025262792	CID011625818	0	0	0	326	326
CID025262792	CID025262965	789	0	0	537	537
CID025262792	CID025227436	0	0	0	230	230
CID025262792	CID016654980	0	0	0	185	185
CID025262792	CID017755052	0	0	0	233	233
CID025227436	CID056649450	0	0	0	394	394
CID025227436	CID011625818	0	0	0	261	261
CID025227436	CID025262792	0	0	0	230	230
CID025227436	CID025262965	0	0	0	265	265
CID025227436	CID017755052	0	0	0	198	198
CID025227436	CID024964624	0	0	0	393	393
CID025227436	CID006918289	0	0	0	172	171
CID024978538	CID025262965	0	0	0	185	185
CID024978538	CID010302451	0	0	0	206	205
CID024978538	CID017755052	0	0	0	211	211
CID024978538	CID011625818	0	0	0	421	421
CID024978538	CID011707110	0	0	0	168	167
CID024978538	CID006918289	0	0	0	278	277
CID024978538	CID010127622	0	0	0	206	205
CID024978538	CID000387447	0	0	0	421	421
CID024978538	CID000441276	0	0	0	232	232
CID024978538	CID000123631	0	0	0	220	220
CID024978538	CID000002767	0	0	0	216	216
CID024978538	CID000005311	0	0	0	323	322
CID024964624	CID000441276	0	0	0	195	194
CID024964624	CID006918289	0	0	0	487	487
CID024964624	CID025227436	0	0	0	393	393
CID024964624	CID056649450	0	0	0	321	321
CID024964624	CID016654980	0	0	0	287	287
CID024964624	CID025262965	0	0	0	489	489
CID024964624	CID010127622	0	0	0	499	498
CID024964624	CID017755052	0	0	0	474	473
CID024964624	CID011625818	0	0	0	361	361
CID024964624	CID011707110	0	0	0	336	336
CID024964624	CID000123631	0	0	0	196	196
CID024964624	CID000002767	0	0	0	185	185
CID024856436	CID015953870	0	0	0	240	239
CID024856436	CID011152667	0	0	0	395	395
CID024856436	CID000003385	0	0	0	188	187
CID024856436	CID000002767	0	0	0	220	220
CID023725625	CID000002767	0	0	0	630	630
CID023725625	CID000123631	0	0	0	195	194
CID023725625	CID000005311	0	0	0	184	184
CID023725625	CID009933475	0	0	0	280	280
CID023725625	CID011327430	0	0	0	168	167
CID023725625	CID011494412	0	0	0	188	187
CID023725625	CID011626560	0	0	0	178	177
CID023725625	CID010127622	0	0	0	233	233
CID023725625	CID011152667	0	0	0	295	295
CID023725625	CID010184653	0	0	0	199	199
CID023725625	CID006918289	0	0	0	254	254
CID023725625	CID000441276	0	0	0	295	295
CID023725625	CID000003385	0	0	0	167	167
CID017755052	CID056649450	0	0	0	363	363
CID017755052	CID025262965	0	0	0	399	399
CID017755052	CID025227436	0	0	0	198	198
CID017755052	CID025262792	0	0	0	233	233
CID017755052	CID024978538	0	0	0	211	211
CID017755052	CID024964624	0	0	0	474	473
CID017755052	CID016654980	0	0	0	329	329
CID017755052	CID011707110	0	0	0	282	281
CID017755052	CID011625818	0	0	0	486	486
CID017755052	CID011488320	0	0	0	230	230
CID017755052	CID010184653	0	0	0	290	290
CID017755052	CID010127622	0	0	0	279	279
CID017755052	CID006918289	0	0	0	362	362
CID017755052	CID000441276	0	0	0	205	204
CID017755052	CID000123631	0	0	0	241	241
CID017754438	CID011494412	0	0	0	293	293
CID017754438	CID011626560	0	0	0	388	388
CID016659841	CID009933475	0	0	0	219	219
CID016654980	CID056649450	0	0	0	421	421
CID016654980	CID025262792	0	0	0	185	185
CID016654980	CID025262965	0	0	0	290	290
CID016654980	CID017755052	0	0	0	329	329
CID016654980	CID024964624	0	0	0	287	287
CID016654980	CID011625818	0	0	0	295	295
CID016654980	CID010127622	0	0	0	178	177
CID016654980	CID006918289	0	0	0	233	233
CID015953870	CID011152667	0	0	0	187	187
CID015953870	CID024856436	0	0	0	240	239
CID015953870	CID011327430	0	0	0	365	365
CID011964036	CID011327430	785	0	0	362	362
CID011707110	CID017755052	0	0	0	282	281
CID011707110	CID024964624	0	0	0	336	336
CID011707110	CID024978538	0	0	0	168	167
CID011707110	CID011494412	0	0	0	166	166
CID011707110	CID011626560	0	0	0	179	178
CID011707110	CID010127622	0	0	0	583	583
CID011707110	CID006918289	0	0	0	291	291
CID011707110	CID000441276	0	0	0	166	166
CID011707110	CID000123631	0	0	0	166	166
CID011626560	CID023725625	0	0	0	178	177
CID011626560	CID017754438	0	0	0	388	388
CID011626560	CID003081361	0	0	0	245	245
CID011626560	CID000441276	0	0	0	285	285
CID011626560	CID000123631	0	0	0	549	549
CID011626560	CID000002767	0	0	0	279	279
CID011626560	CID011707110	0	0	0	179	178
CID011626560	CID006918289	0	0	0	233	233
CID011626560	CID011494412	0	0	0	563	563
CID011626560	CID010127622	0	0	0	171	171
CID011626560	CID010184653	0	0	0	421	421
CID011626560	CID009933475	0	0	0	196	196
CID011625818	CID056649450	0	0	0	540	540
CID011625818	CID025227436	0	0	0	261	261
CID011625818	CID025262965	0	0	0	330	329
CID011625818	CID025262792	0	0	0	326	326
CID011625818	CID024978538	0	0	0	421	421
CID011625818	CID024964624	0	0	0	361	361
CID011625818	CID017755052	0	0	0	486	486
CID011625818	CID016654980	0	0	0	295	295
CID011625818	CID006918289	0	0	0	360	360
CID011625818	CID003081361	0	0	0	174	174
CID011625818	CID000387447	0	0	0	323	322
CID011625818	CID000005311	0	0	0	194	194
CID011494412	CID011167602	0	0	0	233	233
CID011494412	CID000123631	0	0	0	362	362
CID011494412	CID017754438	0	0	0	293	293
CID011494412	CID023725625	0	0	0	188	187
CID011494412	CID010184653	0	0	0	364	364
CID011494412	CID011707110	0	0	0	166	166
CID011494412	CID011626560	0	0	0	563	563
CID011494412	CID009933475	0	0	0	365	365
CID011494412	CID006918289	0	0	0	233	233
CID011494412	CID003081361	0	0	0	233	233
CID011488320	CID010184653	520	0	0	123	123
CID011488320	CID017755052	0	0	0	230	230
CID011488320	CID000123631	0	0	0	230	230
CID011327430	CID015953870	0	0	0	365	365
CID011327430	CID011964036	785	0	0	362	362
CID011327430	CID011152667	0	0	0	340	340
CID011327430	CID023725625	0	0	0	168	167
CID011327430	CID000002767	0	0	0	185	185
CID011167602	CID056842117	0	0	0	362	362
CID011167602	CID056842121	0	0	0	290	290
CID011167602	CID011494412	0	0	0	233	233
CID011167602	CID010127622	0	0	0	190	190
CID011167602	CID009933475	0	0	0	399	399
CID011167602	CID006918289	0	0	0	203	203
CID011167602	CID003081361	0	0	0	254	254
CID011152667	CID010302451	0	0	0	166	166
CID011152667	CID011327430	0	0	0	340	340
CID011152667	CID024856436	0	0	0	395	395
CID011152667	CID023725625	0	0	0	295	295
CID011152667	CID015953870	0	0	0	187	187
CID011152667	CID010127622	0	0	0	168	167
CID011152667	CID000104842	0	0	0	233	233
CID011152667	CID000003385	0	0	0	179	178
CID011152667	CID000002767	0	0	0	185	185
CID010302451	CID000123631	0	0	0	392	392
CID010302451	CID056842121	0	0	0	179	178
CID010302451	CID025262965	0	0	0	166	166
CID010302451	CID024978538	0	0	0	206	205
CID010302451	CID011152667	0	0	0	166	166
CID010302451	CID010184653	502	0	0	83	83
CID010302451	CID010127622	0	0	0	220	220
CID010302451	CID009933475	0	0	0	293	293
CID010302451	CID006918289	0	0	0	233	233
CID010302451	CID003081361	0	0	0	233	233
CID010302451	CID000005311	0	0	0	166	166
CID010302451	CID000441276	0	0	0	214	214
CID010302451	CID000387447	0	0	0	190	190
CID010302451	CID000003385	0	0	0	170	169
CID010184653	CID023725625	0	0	0	199	199
CID010184653	CID017755052	0	0	0	290	290
CID010184653	CID011488320	520	0	0	123	123
CID010184653	CID011626560	0	0	0	421	421
CID010184653	CID011494412	0	0	0	364	364
CID010184653	CID010302451	502	0	0	83	83
CID010184653	CID009933475	0	0	0	266	266
CID010184653	CID010127622	0	0	0	233	233
CID010184653	CID003081361	0	0	900	362	934
CID010184653	CID006918289	0	0	0	249	248
CID010184653	CID000387447	0	0	0	169	169
CID010184653	CID000441276	0	0	0	321	321
CID010184653	CID000123631	0	0	900	660	965
CID010184653	CID000005311	0	0	0	199	199
CID010184653	CID000002767	0	0	0	251	251
CID010127622	CID000387447	0	0	0	233	233
CID010127622	CID010302451	0	0	0	220	220
CID010127622	CID025262965	0	0	0	292	292
CID010127622	CID024964624	0	0	0	499	498
CID010127622	CID024978538	0	0	0	206	205
CID010127622	CID023725625	0	0	0	233	233
CID010127622	CID017755052	0	0	0	279	279
CID010127622	CID016654980	0	0	0	178	177
CID010127622	CID011626560	0	0	0	171	171
CID010127622	CID010184653	0	0	0	233	233
CID010127622	CID011707110	0	0	0	583	583
CID010127622	CID011152667	0	0	0	168	167
CID010127622	CID011167602	0	0	0	190	190
CID010127622	CID009933475	0	0	0	233	233
CID010127622	CID006918289	0	0	0	393	393
CID010127622	CID000005311	0	0	0	265	265
CID010127622	CID000123631	0	0	0	390	390
CID010127622	CID003081361	0	0	0	330	329
CID010127622	CID000441276	0	0	0	360	360
CID010127622	CID000003385	0	0	0	233	233
CID010127622	CID000002767	0	0	0	233	233
CID009933475	CID010184653	0	0	0	266	266
CID009933475	CID011167602	0	0	0	399	399
CID009933475	CID056842121	0	0	0	362	362
CID009933475	CID056842117	0	0	0	289	288
CID009933475	CID011494412	0	0	0	365	365
CID009933475	CID003081361	0	0	0	711	711
CID009933475	CID023725625	0	0	0	280	280
CID009933475	CID016659841	0	0	0	219	219
CID009933475	CID011626560	0	0	0	196	196
CID009933475	CID010127622	0	0	0	233	233
CID009933475	CID010302451	0	0	0	293	293
CID009933475	CID006918289	0	0	0	484	484
CID009933475	CID000123631	0	0	0	517	517
CID009933475	CID000387447	0	0	0	250	250
CID009933475	CID000441276	0	0	0	460	460
CID009933475	CID000002767	0	0	0	280	280
CID009933475	CID000005311	0	0	0	291	291
CID009933475	CID000003385	0	0	0	330	329
CID006918289	CID025227436	0	0	0	172	171
CID006918289	CID056842117	0	0	0	169	169
CID006918289	CID056842121	0	0	0	197	196
CID006918289	CID025262965	0	0	0	485	485
CID006918289	CID056649450	0	0	0	168	167
CID006918289	CID024978538	0	0	0	278	277
CID006918289	CID024964624	0	0	0	487	487
CID006918289	CID023725625	0	0	0	254	254
CID006918289	CID017755052	0	0	0	362	362
CID006918289	CID016654980	0	0	0	233	233
CID006918289	CID011494412	0	0	0	233	233
CID006918289	CID011707110	0	0	0	291	291
CID006918289	CID011626560	0	0	0	233	233
CID006918289	CID011625818	0	0	0	360	360
CID006918289	CID010127622	0	0	0	393	393
CID006918289	CID011167602	0	0	0	203	203
CID006918289	CID010184653	0	0	0	249	248
CID006918289	CID010302451	0	0	0	233	233
CID006918289	CID009933475	0	0	0	484	484
CID006918289	CID003081361	0	0	0	421	421
CID006918289	CID000441276	0	0	0	398	398
CID006918289	CID000387447	0	0	0	549	549
CID006918289	CID000123631	0	0	0	545	545
CID006918289	CID000104741	0	0	0	198	198
CID006918289	CID000009444	0	0	0	190	190
CID006918289	CID000005311	0	0	0	488	488
CID006918289	CID000003385	0	0	0	290	290
CID006918289	CID000002767	0	0	0	333	333
CID003081361	CID000441276	0	0	0	520	520
CID003081361	CID056842117	0	0	0	281	281
CID003081361	CID056842121	0	0	0	233	233
CID003081361	CID009933475	0	0	0	711	711
CID003081361	CID011625818	0	0	0	174	174
CID003081361	CID011626560	0	0	0	245	245
CID003081361	CID011494412	0	0	0	233	233
CID003081361	CID010302451	0	0	0	233	233
CID003081361	CID011167602	0	0	0	254	254
CID003081361	CID010184653	0	0	900	362	934
CID003081361	CID010127622	0	0	0	330	329
CID003081361	CID000387447	0	0	0	370	370
CID003081361	CID006918289	0	0	0	421	421
CID003081361	CID000123631	645	0	900	711	970
CID003081361	CID000104842	0	0	0	177	177
CID003081361	CID000005311	0	0	0	320	320
CID003081361	CID000003385	0	0	0	393	393
CID003081361	CID000002767	0	0	0	398	398
CID000449459	CID000104741	0	0	0	711	711
CID000449459	CID000441276	0	0	0	197	196
CID000449459	CID000123631	0	0	0	220	220
CID000449459	CID000002767	0	0	0	178	177
CID000441276	CID024978538	0	0	0	232	232
CID000441276	CID024964624	0	0	0	195	194
CID000441276	CID044424639	0	0	0	187	187
CID000441276	CID023725625	0	0	0	295	295
CID000441276	CID017755052	0	0	0	205	204
CID000441276	CID011707110	0	0	0	166	166
CID000441276	CID011626560	0	0	0	285	285
CID000441276	CID010302451	0	0	0	214	214
CID000441276	CID010184653	0	0	0	321	321
CID000441276	CID010127622	0	0	0	360	360
CID000441276	CID009933475	0	0	0	460	460
CID000441276	CID006918289	0	0	0	398	398
CID000441276	CID003081361	0	0	0	520	520
CID000441276	CID000449459	0	0	0	197	196
CID000441276	CID000387447	0	0	0	548	548
CID000441276	CID000123631	0	0	0	925	925
CID000441276	CID000009444	0	0	0	233	233
CID000441276	CID000005311	0	0	0	422	422
CID000441276	CID000104741	0	0	0	291	291
CID000441276	CID000104842	0	0	0	532	532
CID000441276	CID056842117	0	0	0	396	396
CID000441276	CID056842121	0	0	0	481	481
CID000441276	CID000003385	0	0	0	766	766
CID000441276	CID000002767	0	0	0	799	799
CID000387447	CID000003385	0	0	0	363	363
CID000387447	CID000002767	0	0	0	583	583
CID000387447	CID024978538	0	0	0	421	421
CID000387447	CID056842121	0	0	0	168	167
CID000387447	CID011625818	0	0	0	323	322
CID000387447	CID010302451	0	0	0	190	190
CID000387447	CID010184653	0	0	0	169	169
CID000387447	CID010127622	0	0	0	233	233
CID000387447	CID009933475	0	0	0	250	250
CID000387447	CID006918289	0	0	0	549	549
CID000387447	CID000002719	0	0	0	222	221
CID000387447	CID003081361	0	0	0	370	370
CID000387447	CID000441276	0	0	0	548	548
CID000387447	CID000123631	0	0	0	490	490
CID000387447	CID000104842	0	0	0	232	232
CID000387447	CID000104741	0	0	0	185	185
CID000387447	CID000009444	0	0	0	386	386
CID000387447	CID000005311	0	0	0	660	660
CID000123631	CID000005311	0	0	0	366	366
CID000123631	CID000003385	0	0	0	563	563
CID000123631	CID056842117	0	0	0	460	460
CID000123631	CID056842121	0	0	0	482	482
CID000123631	CID024978538	0	0	0	220	220
CID000123631	CID024964624	0	0	0	196	196
CID000123631	CID003081361	645	0	900	711	970
CID000123631	CID023725625	0	0	0	195	194
CID000123631	CID017755052	0	0	0	241	241
CID000123631	CID011488320	0	0	0	230	230
CID000123631	CID011707110	0	0	0	166	166
CID000123631	CID011494412	0	0	0	362	362
CID000123631	CID011626560	0	0	0	549	549
CID000123631	CID010184653	0	0	900	660	965
CID000123631	CID010302451	0	0	0	392	392
CID000123631	CID010127622	0	0	0	390	390
CID000123631	CID009933475	0	0	0	517	517
CID000123631	CID006918289	0	0	0	545	545
CID000123631	CID000449459	0	0	0	220	220
CID000123631	CID000002767	0	0	0	711	711
CID000123631	CID000441276	0	0	0	925	925
CID000123631	CID000387447	0	0	0	490	490
CID000123631	CID000104741	0	0	0	473	473
CID000123631	CID000104842	0	0	0	421	421
CID000123631	CID000009444	0	0	0	203	203
CID000104842	CID056842117	748	0	0	536	536
CID000104842	CID056842121	0	0	0	394	394
CID000104842	CID011152667	0	0	0	233	233
CID000104842	CID003081361	0	0	0	177	177
CID000104842	CID000441276	0	0	0	532	532
CID000104842	CID000387447	0	0	0	232	232
CID000104842	CID000123631	0	0	0	421	421
CID000104842	CID000003385	0	0	0	766	766
CID000104842	CID000002767	0	0	0	610	610
CID000104741	CID006918289	0	0	0	198	198
CID000104741	CID000449459	0	0	0	711	711
CID000104741	CID000441276	0	0	0	291	291
CID000104741	CID000387447	0	0	0	185	185
CID000104741	CID000123631	0	0	0	473	473
CID000104741	CID000005311	0	0	0	206	205
CID000104741	CID000003385	0	0	0	185	185
CID000104741	CID000002767	0	0	0	231	230
CID000043806	CID000002767	0	0	0	279	279
CID000009444	CID000003385	0	0	0	475	475
CID000009444	CID006918289	0	0	0	190	190
CID000009444	CID000441276	0	0	0	233	233
CID000009444	CID000387447	0	0	0	386	386
CID000009444	CID000123631	0	0	0	203	203
CID000009444	CID000002767	0	0	0	442	442
CID000009444	CID000005311	0	0	0	583	583
CID000005311	CID011625818	0	0	0	194	194
CID000005311	CID024978538	0	0	0	323	322
CID000005311	CID023725625	0	0	0	184	184
CID000005311	CID003081361	0	0	0	320	320
CID000005311	CID000441276	0	0	0	422	422
CID000005311	CID000387447	0	0	0	660	660
CID000005311	CID000123631	0	0	0	366	366
CID000005311	CID000104741	0	0	0	206	205
CID000005311	CID000009444	0	0	0	583	583
CID000005311	CID000003385	0	0	0	290	290
CID000005311	CID000002719	0	0	0	197	196
CID000005311	CID000002767	0	0	0	393	393
CID000005311	CID010127622	0	0	0	265	265
CID000005311	CID010184653	0	0	0	199	199
CID000005311	CID010302451	0	0	0	166	166
CID000005311	CID009933475	0	0	0	291	291
CID000005311	CID006918289	0	0	0	488	488
CID000003385	CID056842117	0	0	0	764	764
CID000003385	CID056842121	0	0	0	768	768
CID000003385	CID023725625	0	0	0	167	167
CID000003385	CID024856436	0	0	0	188	187
CID000003385	CID011152667	0	0	0	179	178
CID000003385	CID010127622	0	0	0	233	233
CID000003385	CID010302451	0	0	0	170	169
CID000003385	CID009933475	0	0	0	330	329
CID000003385	CID006918289	0	0	0	290	290
CID000003385	CID003081361	0	0	0	393	393
CID000003385	CID000441276	0	0	0	766	766
CID000003385	CID000387447	0	0	0	363	363
CID000003385	CID000123631	0	0	0	563	563
CID000003385	CID000104842	0	0	0	766	766
CID000003385	CID000104741	0	0	0	185	185
CID000003385	CID000009444	0	0	0	475	475
CID000003385	CID000005311	0	0	0	290	290
CID000003385	CID000002719	0	0	0	174	174
CID000003385	CID000002767	0	0	0	909	909
CID000002767	CID056842121	0	0	0	543	543
CID000002767	CID056842117	0	0	0	485	485
CID000002767	CID023725625	0	0	0	630	630
CID000002767	CID024978538	0	0	0	216	216
CID000002767	CID024964624	0	0	0	185	185
CID000002767	CID024856436	0	0	0	220	220
CID000002767	CID011626560	0	0	0	279	279
CID000002767	CID011327430	0	0	0	185	185
CID000002767	CID011152667	0	0	0	185	185
CID000002767	CID010184653	0	0	0	251	251
CID000002767	CID010127622	0	0	0	233	233
CID000002767	CID009933475	0	0	0	280	280
CID000002767	CID003081361	0	0	0	398	398
CID000002767	CID000449459	0	0	0	178	177
CID000002767	CID000441276	0	0	0	799	799
CID000002767	CID000387447	0	0	0	583	583
CID000002767	CID000123631	0	0	0	711	711
CID000002767	CID000104842	0	0	0	610	610
CID000002767	CID000104741	0	0	0	231	230
CID000002767	CID000043806	0	0	0	279	279
CID000002767	CID000009444	0	0	0	442	442
CID000002767	CID000005311	0	0	0	393	393
CID000002767	CID000003385	0	0	0	909	909
CID000002767	CID000002719	0	0	0	203	203
CID000002767	CID006918289	0	0	0	333	333
CID000002719	CID000387447	0	0	0	222	221
CID000002719	CID000005311	0	0	0	197	196
CID000002719	CID000003385	0	0	0	174	174
CID000002719	CID000002767	0	0	0	203	203
