1,94.2644,5.7213,13.3002,4.8245,0.52252
1,94.2644,5.7213,71.9361,5.704,0
1,94.2644,5.7213,50.7388,4.4108,0
1,94.2644,5.7213,52.708,5.0707,0
1,34.5455,5.7213,50.7388,4.4108,0
1,32.3487,5.8289,21.4733,5.4737,89.0149
1,50.7388,4.4108,71.863,6.0977,8.6862
1,77.9473,6.2185,100,4.7576,0
1,71.863,6.0977,100,4.7576,42.4757
1,100,4.7576,100,?,0
1,75.952,6.02,95.8373,6.1495,0
1,89.6301,6.02,95.8373,6.1495,0
1,89.6301,6.02,100,4.9754,0
1,89.6301,6.02,37.003,4.7183,23.3675
1,95.8373,6.1495,14.9799,5.8776,0
1,95.8373,6.1495,100,4.9942,0
1,95.8373,6.1495,37.003,4.7183,25.0455
1,42.7602,5.572,74.2349,5.6906,40.5718
1,42.7602,5.572,0,5.1879,89.0149
1,93.585,6.3864,100,4.9942,0
1,93.585,6.3864,37.003,4.7183,0
1,88.2128,5.4238,16.4479,4.3303,0
1,58.6879,5.4947,39.737,4.8676,0
1,56.3295,5.0757,25.7664,4.4588,11.5734
1,59.0923,5.6938,100,4.5793,6.331
1,80.2234,5.7479,60.4243,?,0
1,80.2234,5.7479,64.3542,5.2369,0
1,0,4.6844,100,5.4257,6.5876
1,100,5.4257,64.3542,5.2369,0
1,89.0181,5.971,68.2,4.5793,0
1,96.8382,5.8702,73.4425,4.5355,7.2327
1,76.9165,5.7189,92.3311,4.7208,0.52252
1,76.9165,5.7189,88.0514,?,0
1,92.3555,5.7189,70.2008,5.8373,0
1,92.3555,5.7189,100,5.8373,0
1,92.3555,5.7189,83.3105,4.662,23.3675
1,92.3555,5.7189,100,4.442,18.4878
1,19.4496,5.6587,7.4919,6.0017,0.64878
1,68.7068,5.7447,83.3105,4.662,25.0455
1,70.2008,5.8373,11.1199,4.7475,0
1,11.1199,4.7475,83.3105,4.662,0
1,100,4.442,88.0514,?,0
1,100,5.6043,100,4.7081,18.4878
1,100,4.8116,99.44,?,0
1,93.2246,6.0797,32.1502,5.745,0
1,99.06,3.7907,35.1191,4.5108,2.7748
1,32.9746,9.9959,44.2006,5.5843,0
1,32.9746,9.9959,73.5993,4.4039,0
1,52.8902,5.1627,33.486,4.9782,25.5059
1,62.0061,5.9034,51.7999,4.6558,42.4757
1,85.2383,5.3846,62.1823,4.5698,23.3675
1,88.7744,5.8738,62.1823,4.5698,25.0455
1,61.5549,5.4097,74.8654,5.7127,40.5718
1,82.5356,5.5174,50.1941,4.3843,0
1,74.8654,5.7127,62.1823,4.5698,42.4757
1,87.6256,5.2191,62.1823,4.5698,100
1,56.6006,5.323,88.5108,4.2281,0
1,49.6133,5.2881,88.5108,4.2281,37.3973
1,49.6133,5.2881,100,5.5061,1.5924
1,100,3.689,82.947,4.5714,2.7748
1,99.735,4.2523,88.5108,4.2281,0
1,59.6473,4.7252,88.5108,4.2281,11.5734
1,88.5108,4.2281,100,4.9645,0
1,100,5.5061,82.947,4.5714,42.4757
1,81.5467,5.8394,100,4.9911,12.6483
1,32.1011,5.8394,55.3655,4.9935,0
1,95.854,5.156,26.6169,5.5673,0
1,44.6487,5.5196,85.8051,5.8718,40.5718
1,100,4.1699,100,4.7053,0.44924
1,67.0734,5.5399,100,6.2007,0
1,70.9022,5.5399,100,6.2007,0
1,100,6.2007,60.3322,4.914,0
1,100,6.2007,66.4665,4.6654,25.0455
1,36.6004,9.0369,100,4.9074,0
1,36.6004,9.0369,69.8984,4.7046,0
1,91.0283,5.6839,69.8984,4.7046,23.3675
1,91.0283,5.6839,75.1778,4.7046,6.331
1,100,4.7552,100,4.9074,0
1,90.3033,5.0961,99.4797,5.8213,6.5876
1,99.4797,5.8213,82.7657,?,0
1,69.8984,4.7046,82.7657,?,0
1,58.4704,7.1741,38.4003,5.3928,0
1,38.4003,5.3928,24.7627,?,0
1,34.1607,4.6008,23.4054,4.1051,0
1,30.9013,4.9226,51.4754,5.837,6.5876
1,76.9632,5.5579,100,5.1536,12.6483
1,96.3117,5.5579,100,6.1,0
1,96.3117,5.5579,100,3.8581,0.96758
1,96.3117,5.5579,100,4.7063,0
1,96.3117,5.5579,19.2693,4.7285,23.3675
1,100,6.1,29.5267,4.8244,0
1,100,5.1536,29.5267,4.8244,25.5059
1,29.5267,4.8244,19.2693,4.7285,0
1,35.1872,4.571,83.1396,4.9443,0
1,92.4124,6.6816,64.3007,5.921,0
1,100,5.995,91.4616,?,0
1,22.301,4.9111,64.3007,5.921,6.5876
1,82.5581,3.1382,100,4.7072,0
1,100,5.6493,54.6673,3.9113,0.96758
1,97.3918,5.6493,75.6728,4.4577,0
1,97.3918,5.6493,69.8961,4.6092,18.4878
1,100,5.5781,100,5.8013,1.5924
1,100,4.7616,69.8961,4.6092,2.1922
1,11.2118,5.113,100,5.8013,6.5876
1,100,5.3273,100,4.7072,100
1,62.2007,5.6068,77.3568,4.6317,0.52252
1,46.2246,5.6068,39.0366,4.6239,6.331
1,86.3283,5.0317,7.6442,4.8174,0
1,90.3767,5.6207,100,7.2807,0
1,100,5.6207,80.481,5.9967,0
1,80.481,5.9967,72.7633,4.7156,0
1,66.2398,2.9629,49.4678,4.6149,0
1,84.4948,5.6596,14.5313,4.693,0.52252
1,84.4948,5.6596,63.6772,5.9331,0
1,84.4948,5.6596,100,4.7717,12.6483
1,14.5313,4.693,85.5391,4.5318,2.1922
1,9.1,5.7003,71.2437,6.6619,0
1,100,5.7067,64.2753,4.9065,0
1,100,5.7067,49.4678,4.6149,25.0455
1,100,4.7717,84.967,4.0414,11.5734
1,84.967,4.0414,64.2753,4.9065,0
1,97.2309,0,67.3749,0,0
1,100,4.7522,12.1906,5.1777,0
1,100,4.7522,81.1038,4.4451,2.1922
1,100,6.0852,44.3531,?,0
1,100,6.0852,42.2381,4.993,0
1,89.5816,5.7595,65.7236,4.6868,42.4757
1,12.1906,5.1777,65.7236,4.6868,0
1,67.6197,5.8239,31.1383,5.821,0
1,67.6197,5.8239,45.3831,4.9974,0
1,72.1848,5.0181,45.3831,4.9974,25.5059
1,74.209,5.526,45.3831,4.9974,0
1,74.209,5.526,52.9035,4.7075,0
1,63.8042,5.526,45.3831,4.9974,0
1,0,5.6424,83.2063,6.0644,0
1,93.3177,5.2686,34.8026,4.8363,0
1,93.3177,5.2686,26.4878,4.5466,25.0455
1,76.2202,4.5642,8.3007,4.403,2.1922
1,29.7538,5.3857,0,5.7098,40.5718
1,29.7538,5.3857,23.1676,5.2501,89.0149
1,100,5.7386,100,7.4321,0
1,100,5.7386,100,4.9221,12.6483
1,100,5.7386,96.8943,4.5605,0
1,100,5.7386,92.1732,4.6965,23.3675
1,100,5.7386,95.9374,4.5319,18.4878
1,72.9777,6.0717,93.8889,5.4054,0
1,93.8889,5.4054,96.8943,4.5605,7.2327
1,73.4628,5.5177,5.4829,5.7311,40.5718
1,73.4628,5.5177,91.5615,5.1708,89.0149
1,92.5676,5.6874,92.1732,4.6965,0
1,95.9374,4.5319,74.8674,?,0
1,97.001,5.5031,45.8009,4.7622,0.52252
1,97.001,5.5031,100,7.9995,0
1,97.001,5.5031,100,4.4672,0
1,97.001,5.5031,100,5.0551,12.6483
1,41.9146,5.5031,100,4.4672,0
1,41.9146,5.5031,51.1518,4.5023,18.4878
1,45.8009,4.7622,51.1518,4.5023,2.1922
1,49.6072,5.9622,61.3592,6.1274,0
1,49.6072,5.9622,66.7334,?,0
1,20.0968,5.5426,75.7139,5.8181,40.5718
1,100,4.4672,75.7139,5.8181,8.6862
1,100,5.0551,75.7139,5.8181,6.5876
1,100,5.0551,18.9619,4.9407,25.5059
1,100,5.7916,97.3617,3.877,0
1,96.4039,5.7916,96.1984,4.5519,23.3675
1,96.4039,5.7916,77.1945,4.3531,18.4878
1,91.4184,5.8558,97.3617,3.877,0
1,71.4867,5.6816,30.0655,5.8296,0
1,90.5988,5.6857,76.1575,4.8046,38.0865
1,62.2912,5.6534,0,4.788,0
1,15.6006,11.0042,100,5.7162,0
1,100,5.3989,97.6242,5.7272,40.5718
1,100,6.0629,96.2656,5.3349,27.9872
1,97.6242,5.7272,27.1,4.7378,42.4757
1,100,6.2836,53.7719,5.3481,45.563
1,100,6.0442,87.0404,5.7298,0
1,100,6.0442,100,5.3707,27.9872
1,11.1986,5.5619,93.9087,5.8434,40.5718
1,100,5.9009,76.4531,5.4147,27.9872
1,93.9087,5.8434,81.3425,4.7558,42.4757
1,93.9087,5.8434,80.1697,4.5169,4.0282
1,100,5.354,100,5.5803,40.5718
1,100,6.3697,79.3166,5.3824,6.5887
1,100,6.3697,51.5545,5.243,27.9872
1,100,6.5383,27.3995,5.6842,34.4116
1,0,5.5621,27.3995,5.6842,40.5718
1,100,6.2976,59.6963,5.4313,6.5887
1,100,6.2976,16.5908,7.0922,0
1,100,6.2976,18.7357,5.4188,27.9872
1,100,6.2976,9.1466,?,0
1,100,5.5005,27.3995,5.6842,2.4675
1,100,6.3597,79.9405,5.3757,45.563
1,7.1941,5.7205,78.5738,4.5672,0
1,87.0885,5.6016,17.7171,4.6972,42.4757
1,87.0885,5.6016,78.5738,4.5672,4.0282
1,71.9293,5.2873,5.7913,5.5568,40.5718
1,80.639,5.5583,5.7913,5.5568,2.4675
1,50.7633,5.3,100,5.5088,40.5718
1,100,6.2617,57.7289,5.224,0
1,100,6.2617,63.33,4.7319,0
1,100,6.2617,18.7096,?,0
1,100,5.5088,63.33,4.7319,42.4757
1,100,5.5088,61.3167,4.3801,4.0282
1,100,6.0515,100,5.6509,34.4116
1,10.9998,5.4657,100,5.6509,40.5718
1,100,5.9906,87.2743,5.7173,0
1,100,5.9906,29.3005,?,0
1,87.2743,5.7173,100,5.6509,0
1,49.1564,5.8012,46.0723,4.6972,0
1,46.4741,5.9657,93.8388,4.754,0
1,32.6779,?,80.4782,5.2262,0
1,32.6779,?,85.5067,4.4743,0
1,82.2007,5.9675,96.5087,4.7156,59.3511
1,93.853,5.2243,0,5.634,40.5718
1,93.853,5.2243,34.8,5.0831,89.0149
1,12.6757,5.6621,100,7.0504,0
1,19.7665,?,0,4.5399,0
1,82.7997,6.1132,67.3019,5.9644,0
1,100,5.3124,0,5.79,40.5718
1,100,5.3124,0,5.2171,89.0149
1,100,5.3622,77.3614,7.6846,0
1,91.2256,5.7215,84.8639,5.6758,0
1,63.2504,5.8005,84.8639,5.6758,0
1,84.8639,5.6758,68.6087,?,0
1,84.8639,5.6758,85.0403,4.8724,5.9286
1,86.5358,?,85.3293,4.8475,0
1,89.3604,6.5165,82.3006,6.1719,0
1,100,5.3407,69.3784,4.9767,89.0149
1,62.1217,6.0192,91.2177,7.3612,0
1,100,?,14.2195,?,0
1,95.4975,?,100,7.8102,0
1,95.4975,?,100,5.1405,0
1,74.0006,5.9807,5.1004,4.7041,59.3511
1,65.0632,5.7811,0,6.122,0
1,93.5433,5.4484,81.1219,5.2218,89.0149
1,67.1536,5.8986,35.65,7.1564,0
1,0,6.122,69.6545,4.6807,0
1,0,6.122,67.9212,4.387,0
1,98.382,?,14.3876,?,0
1,86.8765,0,100,0,0
1,91.5058,?,100,0,0
1,100,?,100,0,0
1,100,0,100,0,0
1,100,0,93.1593,0,0
1,100,0,22.4193,0,0
1,73.5495,0,93.1593,0,0
1,93.1593,0,73.8121,?,0
1,93.2768,?,84.0398,4.4531,0
1,91.0178,5.9899,100,6.8557,0
1,100,6.8557,100,4.2503,0
1,96.5999,5.8691,84.0398,4.4531,0
1,77.4845,5.6508,78.2239,5.2722,89.0149
1,94.563,3.6011,58.2797,4.52,0
1,94.9712,5.4231,100,7.6553,0
1,92.7107,?,100,7.6553,0
1,100,?,74.9536,7.2027,0
1,82.8069,6.2127,89.4286,6.241,24.8013
1,85.5482,6.1559,90.5382,6.1632,0
1,84.2211,5.2921,58.9027,5.1173,89.0149
1,100,7.6553,92.756,4.1866,0
1,68.2462,5.8688,90.5382,6.1632,0
1,90.5382,6.1632,60.6086,4.5099,0
1,90.5382,6.1632,64.4671,4.8428,5.9286
1,100,4.2317,64.4671,4.8428,41.7186
1,100,?,7.7999,?,0
1,100,?,99.6222,4.5073,0
1,83.4194,?,95.6694,4.9875,0
1,83.4194,?,100,4.3112,0
1,100,7.5058,100,4.6739,0
1,100,6.1335,100,4.6739,0
1,96.1255,?,5.9918,?,0
1,94.1419,8.9581,100,4.6576,0
1,59.0677,5.8636,100,5.7899,24.8013
1,85.2243,5.7772,100,5.7899,54.9437
1,85.2243,5.7772,93.7008,5.751,0
1,92.3023,5.8791,81.5871,6.0708,0
1,73.1146,5.5688,0,5.7818,40.5718
1,89.1031,7.6484,83.9013,4.2743,0
1,100,5.9774,81.5871,6.0708,0
1,100,?,50.2404,?,0
1,100,5.5694,100,8.588,0
1,92.6883,?,100,4.6193,0
1,100,5.3556,16.4146,5.7731,40.5718
1,100,5.3556,74.3092,5.2686,89.0149
1,100,8.588,100,4.7493,0
1,100,6.3603,70.5249,5.9642,0
1,87.7049,?,28.6093,?,0
1,100,5.3509,100,6.8698,0
1,100,?,100,4.6367,0
1,91.0607,?,100,5.1322,0
1,91.0607,?,87.0778,4.5221,0
1,91.0607,?,100,7.0004,0
1,79.5395,6.2154,100,6.8698,0
1,86.0662,5.8518,100,6.2728,54.9437
1,100,5.3868,14.8749,5.8067,0.81179
1,100,6.8698,84.1147,4.8433,0
1,100,6.8698,100,4.9441,0
1,98.9074,6.0067,87.0778,4.5221,0
1,98.9074,6.0067,88.5104,?,0
1,98.9074,6.0067,99.6285,6.0317,0
1,48.4145,5.9824,100,6.3645,54.9437
1,48.4145,5.9824,85.7973,6.1974,0
1,52.7561,5.7897,51.3192,6.4346,0
1,88.6956,?,100,7.1228,0
1,88.6956,?,100,5.1816,0
1,76.7632,?,100,5.1816,0
1,100,5.4475,90.2792,6.0879,0
1,79.2912,5.9001,100,7.2455,0
1,90.2792,6.0879,54.4642,?,0
1,71.386,?,100,7.5187,0
1,100,5.989,92.8967,5.9893,0
1,100,5.3738,51.4015,5.5815,40.5718
1,100,5.3738,94.3658,5.0935,89.0149
1,81.8013,?,100,7.4201,0
1,81.8013,?,100,5.0344,0
1,80.7711,?,100,5.0344,0
1,81.9981,5.9798,24.5015,5.7982,54.9437
1,81.9981,5.9798,12.803,5.8151,0
1,17.1838,5.6262,79.3092,6.2301,0
1,79.3092,6.2301,26.2082,4.9247,5.9286
1,68.0886,?,32.2984,?,0
1,17.9925,5.3846,0,5.063,89.0149
1,39.5005,5.9696,51.2565,7.3558,0
1,73.9287,4.6336,29.7512,4.8026,0
1,73.9287,4.6336,37.2724,4.1423,0
1,60.0206,5.8305,0,4.4361,0
1,100,?,0,?,0
1,96.4853,5.5758,100,7.4468,0
1,96.4853,5.5758,100,4.7817,59.3511
1,89.938,5.1633,70.4588,6.1351,54.9437
1,89.938,5.1633,38.002,6.2308,0
1,100,7.4468,97.0253,4.4989,0
1,73.6106,5.6902,91.6729,5.8609,0
1,91.6729,5.8609,100,4.7817,5.9286
1,100,?,24.6862,?,0
1,88.141,?,100,5.2745,0
1,100,?,100,4.4623,0
1,100,?,100,6.6611,0
1,96.5042,5.975,100,6.0418,0
1,15.0029,5.6384,26.5077,5.9031,40.5718
1,15.0029,5.6384,0,5.2761,89.0149
1,100,6.0418,83.6507,5.0187,5.9286
1,82.2474,?,100,4.5767,0
1,77.7776,?,100,5.0403,0
1,88.1092,6.1633,89.7273,6.1734,24.8013
1,88.1092,6.1633,52.7882,4.8734,59.3511
1,87.7643,6.1555,100,6.1129,0
1,67.1378,6.2605,100,4.8182,0
1,67.1378,6.2605,100,6.1129,0
1,91.8488,5.7554,93.0664,4.6303,42.4757
1,63.7074,3.1666,16.0629,5.6406,0
1,63.7074,3.1666,5.7648,4.645,0
1,63.7074,3.1666,17.3273,4.457,0
1,85.0182,5.6406,17.3273,4.457,18.4878
1,81.5737,4.6579,17.3273,4.457,2.1922
1,100,5.8504,100,5.8482,0.27924
1,100,5.8504,68.1935,?,0
1,95.3139,4.3148,100,5.8482,8.6862
1,100,5.8482,68.4022,4.9888,0
1,88.0283,6.6809,100,6.0806,0
1,100,6.0647,100,6.0806,28.1392
1,100,6.0647,22.52,?,0
1,96.2807,5.2482,12.9002,5.3072,25.5059
1,53.4377,5.9243,95.8506,4.6426,42.4757
1,100,5.439,98.936,4.9226,12.6483
1,100,5.439,56.1348,4.7546,0
1,98.3739,5.9037,100,?,0
1,100,11.1921,99.7579,5.7207,0
1,99.7579,5.7207,100,5.1134,38.0865
1,99.7579,5.7207,100,?,0
1,100,5.4086,100,4.5989,0
1,100,4.5989,100,?,0
1,81.4901,5.5672,86.629,4.7707,0
1,25.05,6.0535,66.5995,5.6928,28.1392
1,82.9654,8.8814,87.8777,4.5189,0
1,82.9654,8.8814,56.0836,?,0
1,66.5995,5.6928,67.5999,4.7876,0
1,67.5999,4.7876,56.0836,?,0
1,64.0476,5.4845,74.2728,5.2868,12.6483
1,85.0979,5.6643,75.0136,5.9529,28.1392
1,74.2728,5.2868,54.2583,5.826,6.5876
1,54.2583,5.826,100,4.6646,42.4757
1,100,5.3967,78.6154,5.4631,0
1,100,4.8711,97.7537,4.265,11.5734
1,78.8606,5.804,51.7009,5.0562,38.0865
1,18.3392,4.5944,100,?,0
1,90.3681,6.064,100,3.9757,31.3746
1,68.4186,4.9544,100,3.9757,11.5734
1,100,3.9757,100,4.5435,0
1,100,3.9757,67.5696,4.7116,0.44924
1,100,6.185,78.3513,5.8322,0.27924
1,100,6.185,78.4069,?,0
1,100,6.185,100,4.062,2.4121
1,82.7281,5.1593,78.3513,5.8322,6.5876
1,0,6.5842,89.7027,5.9777,0
1,89.7027,5.9777,98.88,6.6434,0
1,89.7027,5.9777,33.171,5.2703,0
1,12.379,5.8301,89.245,5.057,38.0865
1,12.379,5.8301,92.9829,4.6435,42.4757
1,100,5.2809,55.3376,5.1691,2.3613
1,100,5.2809,35.4138,4.3351,0
1,95.0173,5.9993,100,6.4042,0
1,95.0173,5.9993,34.4945,4.9602,0
1,91.1032,6.7156,98.107,5.7905,0
1,91.1032,6.7156,58.2032,6.3665,0
1,98.107,5.7905,71.2513,?,0
1,58.2032,6.3665,34.7619,4.5059,0
1,43.3945,5.2694,39.8738,5.8267,6.5876
1,39.8738,5.8267,100,4.6143,42.4757
1,85.3994,4.9668,100,4.6143,0
0,35.5908,5.313,9.0045,5.8314,0.64878
0,91.7581,4.6735,100,?,0
0,86.9014,3.3124,100,5.7386,0
0,63.6772,5.9331,100,5.4911,0
0,64.0476,5.4845,66.1091,5.4914,0
0,59.0923,5.6938,80.2234,5.7479,5.7354
0,97.001,5.5031,84.0488,?,0
0,0,5.5879,60.1094,5.698,2.4675
0,82.6007,4.9171,100,7.537,0
0,100,4.4596,24.0851,4.8302,41.7186
0,23.4054,4.1051,24.7627,?,0
0,100,4.1577,90.4052,4.5916,0.44924
0,61.7006,5.46,9.575,5.46,29.2061
0,66.1091,5.4914,100,4.5846,0
0,100,6.0918,14.2381,5.3418,45.563
0,56.4061,5.9317,23.4054,4.1051,0
0,100,6.2499,100,5.9103,0
0,76.5262,5.9163,100,5.5803,0
0,100,5.9009,19.5998,4.497,0
0,95.6214,3.7624,96.2964,4.0279,0
0,81.3213,4.3616,100,5.4257,8.6862
0,62.2007,5.6068,25.8003,4.7124,0
0,66.5995,5.6928,86.629,4.7707,0
0,7.9968,5.6237,71.4867,5.6816,0
0,86.8188,5.3846,58.4559,4.2141,0
0,100,4.7072,100,?,0
0,94.5112,5.5991,100,4.9645,0
0,46.7863,6.1822,100,6.3645,0
0,45.0005,6.205,62.0061,5.9034,0
0,100,5.7386,76.8607,4.5605,0
0,79.0488,5.5174,50.1941,4.3843,0
0,92.8967,5.9893,100,4.5443,0
0,82.2465,5.6051,100,4.1577,31.3746
0,52.236,5.8442,50.7388,4.4108,7.2327
0,100,6.3649,7.1941,5.7205,0
0,91.4143,4.2298,92.1589,6.2887,0
0,100,4.1308,100,3.6658,0
0,24.2275,5.6534,62.2912,5.6534,29.2061
0,100,5.7899,86.8531,7.5258,0
0,7.4919,6.0017,28.9989,5.9253,0
0,42.667,6.8521,23.1125,5.4339,0
0,0,5.4852,98.88,6.6434,0
0,95.9893,4.0704,13.7996,4.8046,0
0,77.2698,8.6663,100,4.4087,0
0,95.6431,3.3729,11.1199,4.7475,0
0,23.3533,5.9218,50.826,6.9491,0
0,100,5.5458,99.36,5.0967,0
0,75.7434,5.9348,84.5387,6.2041,24.8013
0,55.3376,5.1691,100,6.4042,0
0,100,5.7916,100,4.2927,0
0,84.8647,7.9784,90.0533,6.9172,0
0,27.1007,4.6889,35.7408,4.8724,0
0,100,5.995,92.1589,6.2887,0
0,73.2938,6.2024,92.0126,6.1873,0
0,100,5.9906,18.9394,4.6751,0
0,68.5705,4.5942,23.25,4.6594,0
0,19.55,8.4624,67.8238,?,0
0,86.8785,4.0755,100,4.8871,0
0,23.25,4.6594,50.826,6.9491,0
0,22.3003,5.4947,17.6956,4.5631,23.3675
0,92.4369,5.8733,93.5013,4.8794,0
0,16.0629,5.6406,85.0182,5.6406,29.2061
0,49.1517,5.0889,89.7027,5.9777,5.4148
0,27.6824,5.8904,33.0489,6.4543,0
0,78.8334,6.899,94.6321,6.8088,0
0,6.5415,5.1279,0,4.2715,10.368
0,100,6.8539,85.0979,5.6643,0
0,92.2923,4.2509,96.9305,4.6349,0
0,41.6502,10.8565,100,4.5447,0
0,87.044,?,100,4.6497,0
0,50.1758,5.5818,92.611,4.1474,0
0,97.3918,5.6493,100,4.7072,23.3675
0,77.4409,5.071,97.7537,4.265,10.368
0,9.575,5.46,54.6336,4.4507,18.4878
0,100,5.8219,57.2897,4.6733,5.9286
0,93.6202,?,100,4.5922,0
0,91.3259,5.5673,82.3006,6.1719,54.9437
0,61.7006,5.46,6.0715,4.7326,0.53812
0,81.5467,5.8394,43.7003,3.7348,0.96758
0,72.296,5.6582,73.9064,5.7843,0.81179
0,75.1063,6.325,100,5.4257,0
0,91.6729,5.8609,100,4.5485,0
0,88.6956,?,63.3937,4.3264,0
0,67.2533,5.7654,48.7807,5.6536,0.27924
0,49.6103,4.5287,27.2369,4.6324,0
0,38.6416,5.6442,92.2923,4.2509,0
0,6.2844,5.621,26.4878,4.5466,42.4757
0,43.7003,3.7348,28.1612,3.9279,0
0,77.3568,4.6317,86.3283,5.0317,0
0,100,4.694,37.501,5.0285,0
0,100,5.4911,71.2437,6.6619,0
0,46.2246,5.6068,68.5705,4.5942,0
0,12.7998,4.3854,89.245,5.057,0
0,93.9072,9.1212,98.88,6.6434,0
0,100,7.537,82.6006,4.0403,0
0,100,?,100,4.2822,0
0,73.5561,7.9894,67.5652,?,0
0,100,4.0175,5.2614,8.0013,25.8092
0,100,4.5671,46.3245,5.0265,0
0,85.2383,5.3846,58.4559,4.2141,0
0,76.1575,4.8046,27.9515,4.6628,0
0,51.7052,5.4341,17.6956,4.5631,34.0327
0,25.1172,5.5516,100,4.7522,0.52252
0,100,4.6143,37.4327,?,0
0,50.1998,5.5616,24.4502,4.0429,0
0,79.8242,5.7939,0,6.6032,0
0,67.3019,5.9644,61.8039,4.6203,0
0,51.6799,4.9916,100,5.6899,6.5876
0,95.4817,5.5321,96.5999,5.8691,0
0,25.2277,5.4475,15.7005,5.025,89.0149
0,100,6.0647,92.611,4.1474,31.3746
0,96.1542,4.4712,87.4013,?,0
0,45.8009,4.7622,18.9619,4.9407,0
0,71.7977,5.7739,100,6.1774,0
0,0,5.4175,67.3019,5.9644,0
0,50.1941,4.3843,87.4013,?,0
0,85.0292,6.0459,16.7858,4.6154,0
0,51.7579,5.8924,55.6049,6.0244,0
0,90.04,4.1152,100,6.106,0
0,38.4003,5.3928,32.3283,4.5287,0.53812
0,84.967,4.0414,71.2437,6.6619,0
0,100,4.0175,0,4.6722,0
0,0,10.1708,90.0108,5.6373,0
0,73.178,4.8782,45.6085,6.5399,0
0,21.2775,5.5512,95.8978,6.0371,0
0,65.7894,4.1528,57.9124,5.0847,0
0,7.4919,6.0017,90.0108,5.6373,0.27924
0,93.8357,4.5419,48.5732,?,0
0,56.6006,5.323,48.0788,4.7501,0
0,41.9146,5.5031,100,4.694,23.3675
0,83.3105,4.662,87.5023,5.117,0
0,16.2567,5.3547,61.3167,4.3801,0
0,100,6.2609,100,6.2728,0
0,99.925,3.1825,100,5.8977,0
0,100,5.4082,100,5.7181,40.5718
0,59.0677,5.8636,86.8531,7.5258,0
0,81.4901,5.5672,51.374,6.3149,0
0,100,6.8539,66.1091,5.4914,0
0,0,8.8671,78.4069,?,0
0,76.8641,5.7135,100,3.9209,0
0,47.1705,5.6596,34.6504,4.6149,6.331
0,80.1994,7.341,97.7994,4.8118,0
0,29.7896,5.8666,43.0582,4.3543,0
0,100,?,100,6.8698,0
0,94.2644,5.7213,34.5455,5.7213,29.2061
0,98.8192,4.7369,96.1984,4.5519,0
0,86.9014,3.3124,86.8785,4.0755,0
0,100,4.0961,81.4049,3.8475,0
0,100,5.488,84.8647,7.9784,0
0,89.7901,6.1208,100,6.0806,0
0,41.9146,5.5031,49.6072,5.9622,5.7354
0,100,5.2809,56.3056,5.3841,0
0,12.9359,5.0616,37.9002,4.1629,11.5734
0,100,7.537,81.4009,6.7666,0
0,85.7973,6.1974,41.0756,6.1263,0
0,93.4968,0,0,0,0.44924
0,0,4.71,100,4.6705,0
0,8.8682,5.8817,57.9124,5.0847,38.0865
0,90.5988,5.6857,27.9515,4.6628,42.4757
0,33.486,4.9782,51.7999,4.6558,0
0,52.2781,7.0486,100,5.4086,0
0,100,5.8977,99.9039,4.7992,31.3746
0,62.2007,5.6068,68.5705,4.5942,0
0,22.3003,5.4947,25.3006,4.6312,6.4793
0,23.25,4.6594,86.3283,5.0317,0
0,83.2063,6.0644,34.8026,4.8363,0
0,69.9748,6.6546,84.5387,6.2041,0
0,88.6662,5.4073,93.2665,7.53,0
0,75.7139,5.8181,66.7334,?,0
0,5.7913,5.5568,89.8651,5.1847,0.025774
0,81.2037,5.9931,100,4.5989,0
0,91.5615,5.1708,92.1732,4.6965,100
0,100,4.0924,86.7977,4.7816,0
0,98.7029,5.0567,79.8898,6.2763,0
0,92.3916,5.5736,100,5.8482,1.5924
0,30.9013,4.9226,34.4826,4.8111,8.0262
0,83.1792,5.6733,92.2923,4.2509,0
0,82.4044,6.2137,100,4.0961,31.3746
0,100,5.5648,73.178,4.8782,0
0,31.0086,5.5512,81.761,5.1592,0
0,91.4543,5.9582,100,5.0361,38.0865
0,65.1011,5.5662,83.8018,5.9998,0
0,100,4.8871,100,4.9062,0
0,7.9987,6.1064,62.1823,4.5698,0
0,63.3946,5.4233,55.5056,4.1143,37.3973
0,88.8492,3.435,38.6416,5.6442,0
0,69.501,10.7294,91.4543,5.9582,0
0,76.5294,5.4238,100,4.5671,23.3675
0,14.6904,5.4336,100,5.5061,0.27924
0,100,6.1733,25.6093,7.199,0
0,0,9.4728,100,4.4413,0
0,68.4168,5.5843,54.9181,4.6943,6.4793
0,50.1941,4.3843,62.1823,4.5698,0
0,65.72,5.4829,100,4.9068,0
0,15.0298,5.3325,68.9261,?,0
0,56.5049,5.5991,82.947,4.5714,0
0,59.2008,5.323,49.4331,4.2523,0
0,14.6904,5.4336,99.735,4.2523,7.2327
0,84.3321,6.0745,100,4.9645,0
0,97.001,5.5031,37.501,5.0285,0
0,100,3.1334,80.6529,4.6893,0
0,100,4.5976,85.7515,4.2577,2.1922
0,85.2383,5.3846,49.8312,5.7617,5.7354
0,99.5479,5.488,86.3283,5.0317,0
0,81.0235,4.811,96.9305,4.6349,25.5059
0,82.7719,5.7162,87.0146,4.3576,0
0,83.841,4.5064,80.5237,4.1942,0
0,64.5203,3.3107,68.2,4.5793,0
0,39.0366,4.6239,7.6442,4.8174,0.0028857
0,78.0475,3.1231,50.1941,4.3843,0
0,27.6824,5.8904,34.4826,4.8111,0
0,100,7.4201,81.6541,4.3004,0
0,76.8641,5.7135,100,5.4257,0
0,66.9222,5.9728,54.0668,4.7988,0
0,80.154,6.2015,96.8382,5.8702,0
0,10.8201,6.2535,80.0196,4.953,0
0,100,3.9209,56.3005,4.9437,0
0,100,5.5061,54.1203,6.0419,0
0,89.6301,6.02,95.6214,3.7624,0.96758
0,100,5.7386,86.8785,4.0755,0
0,66.2398,2.9629,85.5391,4.5318,0
0,97.8276,3.9182,10.3501,?,0
0,91.7581,4.6735,0,4.8177,0
0,39.8738,5.8267,85.3994,4.9668,38.0865
0,85.9506,4.9048,100,4.1577,11.5734
0,89.4283,6.3062,93.2665,7.53,0
0,49.4007,3.1689,54.0668,4.7988,0
0,97.001,5.5031,93.0177,6.1149,0
0,91.5058,?,100,0,0
0,52.4003,0,89.4154,0,0
0,100,6.9582,99.6505,6.8477,0
0,77.1439,6.5227,98.7029,5.0567,0
0,82.6448,7.2388,92.8804,6.935,0
0,97.6944,3.2793,41.0343,4.6257,0
0,76.7632,?,100,7.2455,0
0,100,3.7757,13.3603,4.0102,0
0,80.674,3.6572,100,4.5767,0
0,23.1125,5.4339,100,6.3661,0
0,85.6559,?,74.9134,4.5466,0
0,24.2319,3.1912,32.6907,5.8908,0
0,16.0629,5.6406,54.0005,?,0
0,27.5989,5.4267,34.8569,5.219,89.0149
0,48.3266,3.2614,23.3533,5.9218,0
0,59.0923,5.6938,76.8641,5.7135,0
0,100,7.8102,89.2059,4.1911,0
0,24.882,5.7631,79.3092,6.2301,0
0,100,5.5463,0,5.997,0
0,88.6784,5.3196,29.7517,?,0
0,69.8961,4.6092,100,?,0
0,100,4.5485,100,4.7817,41.7186
0,5.4829,5.7311,92.1732,4.6965,42.4757
0,51.7999,4.6558,90.1265,?,0
0,67.7668,6.0629,100,5.7181,34.4116
0,100,5.7293,99.44,?,0
0,50.0703,0,93.1593,0,0
0,78.4102,5.9807,0,6.0829,0
0,100,?,100,5.1322,0
0,25.7664,4.4588,61.8074,4.6069,0.44924
0,36.6004,9.0369,98.2737,5.6839,0
0,43.0582,4.3543,27.2369,4.6324,0
0,58.4735,5.6718,100,6.0629,0
0,100,5.2873,5.7913,5.5568,0.81179
0,7.717,5.9568,98.2664,4.149,0
0,100,5.4257,60.4243,?,0
0,78.1998,10.3649,92.9829,4.6435,0
0,99.6098,3.9158,100,4.5809,0.44924
0,35.0216,5.8279,45.0005,6.205,0
0,100,0,39.5201,0,89.0149
0,52.8291,4.82,49.6103,4.5287,0
0,39.588,6.9861,17.6956,4.5631,0
0,92.6883,?,100,5.1572,0
0,88.932,6.1833,89.1031,7.6484,0
0,14.7696,5.2604,12.1906,5.1777,0
0,30.0702,5.3654,90.5988,5.6857,40.5718
0,68.1104,4.8511,49.0476,3.8767,11.5734
0,100,5.69,100,4.2927,7.2327
0,74.981,5.9734,27.5919,4.7797,59.3511
0,100,?,0,?,0
0,49.9336,6.5133,61.7789,7.1473,0
0,86.9014,3.3124,5.4829,5.7311,0
0,90.2792,6.0879,53.8333,4.6821,0
0,100,5.4911,64.2753,4.9065,38.0865
0,92.669,4.5725,30.4714,4.293,2.1922
0,96.2964,4.0279,0,8.2543,25.8092
0,21.9007,9.0816,20.4051,4.2232,0
0,27.5989,5.4267,34.9153,5.8195,40.5718
0,100,5.354,100,5.5803,0.81179
0,93.6383,5.0934,92.9829,4.6435,32.9074
0,100,4.5976,73.178,4.8782,0
0,78.8951,5.8373,11.1199,4.7475,0
0,98.88,6.6434,100,4.3237,0
0,93.7008,5.751,100,4.6576,0
0,64.3007,5.921,92.1589,6.2887,0
0,41.497,6.3699,49.6072,5.9622,0
0,11.6897,10.581,98.2287,5.7667,0
0,100,5.6541,68.7011,5.2527,12.6483
0,37.4848,10.5737,78.8606,5.804,0
0,0,5.3327,96.1349,3.976,37.3973
0,56.7673,6.4208,71.863,6.0977,0
0,93.2665,7.53,89.3564,3.9781,0
0,70.0683,3.9654,100,3.9757,0
0,50.3885,5.2286,7.6442,4.8174,8.0262
0,34.5455,5.7213,71.9361,5.704,0
0,0,5.7382,100,6.0442,0
0,100,4.7081,99.9001,6.3237,0
0,45.06,5.5724,79.5814,4.3436,0
0,62.0061,5.9034,83.9261,4.8453,0
0,100,5.9665,83.0059,6.1017,0
0,100,5.3196,100,5.995,5.7354
0,100,5.6043,99.9039,4.7992,0
0,98.2737,5.6839,91.0283,5.6839,29.2061
0,88.101,4.644,50.1941,4.3843,0
0,56.3005,4.9437,64.3542,5.2369,0
0,92.4902,6.2067,10.8201,6.2535,0
0,89.5816,5.7595,44.3531,?,0
0,98.2737,5.6839,75.1778,4.7046,0.53812
0,41.9424,5.5523,6.2844,5.621,40.5718
0,99.7998,6.0804,100,4.9982,0
0,100,7.4468,92.5849,4.0989,0
0,63.4006,0,0,0,0
0,89.2113,6.2605,83.1396,4.9443,0
0,80.5237,4.1942,12.1906,5.1777,0
0,32.3283,4.5287,34.4826,4.8111,0.0028857
0,100,6.0418,84.5809,?,0
0,28.3009,5.6823,65.7402,3.6781,0.96758
0,6.1917,5.5311,49.4678,4.6149,34.0327
0,50.3885,5.2286,86.3283,5.0317,25.5059
0,48.8036,5.4665,0,5.6096,0.81179
0,55.9627,4.7576,21.2548,5.0181,0.0028857
0,81.142,5.6673,100,6.0418,0
0,100,4.8871,78.001,4.2404,0
0,99.6098,3.9158,64.0059,4.6724,0
0,29.4704,5.5435,65.7236,4.6868,34.0327
0,85.5482,6.1559,86.8399,6.2814,0
0,91.4543,5.9582,91.7581,4.6735,42.4757
0,86.4107,?,100,4.5634,0
0,87.7948,5.3556,16.4146,5.7731,0.81179
0,100,4.062,46.8016,8.1715,25.8092
0,22.6576,5.6228,42.1245,4.6665,12.6483
0,59.2008,5.323,52.9608,4.5993,6.4793
0,92.302,5.6413,49.1517,5.0889,12.6483
0,76.9165,5.7189,100,7.103,0
0,69.4433,5.6207,25.7715,4.7804,0
0,100,5.6514,66.4665,4.6654,0
0,35.0216,5.8279,89.0807,4.8575,0
0,76.9165,5.7189,92.9047,4.662,0.53812
0,78.0475,3.1231,96.1542,4.4712,0
0,100,4.9836,92.5997,4.6721,8.0262
0,100,6.0442,0,4.6439,0
0,100,5.5803,83.3652,5.2306,0.025774
0,55.7344,6.4419,35.0216,5.8279,0
0,36.0929,5.7365,73.9287,4.6336,2.4121
0,30.0702,5.3654,86.3237,5.0526,89.0149
0,100,4.7072,18.0503,5.0096,0
0,100,5.7892,99.6098,3.9158,2.4121
0,62.2007,5.6068,23.25,4.6594,0
0,100,6.0442,0,4.71,0
0,89.7273,6.1734,84.2519,6.9239,0
0,100,6.9582,94.8038,5.3054,0
0,100,5.7386,100,4.9062,3.4706
0,91.2682,5.1632,100,8.588,0
0,90.7106,4.9487,77.3614,7.6846,0
0,67.5999,4.7876,92.7087,4.7707,0
0,38.6416,5.6442,100,5.6442,29.2061
0,96.5044,5.6938,99.7912,5.0659,0
0,0,?,0,5.1022,0
0,100,6.0629,99.5083,5.8783,0
0,78.3513,5.8322,78.4069,?,0
0,37.8651,5.7365,73.9287,4.6336,31.3746
0,0,5.5458,99.36,5.0967,0
0,100,5.3967,100,5.3646,0
0,88.5108,4.2281,50.2457,?,0
0,60.3648,5.5841,50.5357,4.6239,34.0327
0,92.4124,6.6816,100,5.995,0
0,100,5.6493,90.04,4.1152,0
0,99.5978,5.7883,83.8018,5.9998,28.1392
0,75.16,6.3937,82.9027,6.1542,0
0,92.3043,6.6711,88.932,6.1833,0
0,55.3376,5.1691,56.3056,5.3841,0
0,34.5455,5.7213,77.9473,6.2185,0
0,49.4007,3.1689,54.6336,4.4507,0
0,74.342,5.0809,57.9124,5.0847,25.5059
0,100,5.3989,48.2444,4.2844,0
0,74.8654,5.7127,50.1941,4.3843,38.0865
0,94.9535,6.0538,20.1745,4.9094,0
0,85.016,3.3905,74.9134,4.5466,0
0,51.374,6.3149,8.8682,5.8817,0
0,100,5.5781,100,5.9688,0.64878
0,83.8018,5.9998,0,4.8177,0
0,100,5.5781,100,4.7072,34.0327
0,100,?,95.6694,4.9875,0
0,100,5.1465,100,5.7293,0
0,99.4337,5.0986,100,5.7293,6.5876
0,100,0,38.3997,0,0
0,100,4.6193,100,4.9928,41.7186
0,45.8812,6.4961,66.1969,5.7035,0
0,72.6482,4.8859,31.9213,5.7431,0
0,72.8256,6.129,51.7009,5.0562,0
0,100,5.9929,100,6.3697,0
0,62.0061,5.9034,88.459,6.6515,0
0,14.2002,6.005,0,4.4906,0
0,89.1031,7.6484,81.8008,4.7778,0
0,69.9748,6.6546,60.0206,5.8305,0
0,73.5561,7.9894,100,6.4042,0
0,7.5954,4.192,33.486,4.9782,0
0,74.342,5.0809,8.8682,5.8817,6.5876
0,51.7692,6.0707,12.7998,4.3854,31.3746
0,97.972,4.356,100,?,0
0,77.4409,5.071,100,6.3963,0
0,99.5978,5.7883,0,4.2715,31.3746
0,0,0,93.4968,0,2.4121
