1,1.7859,-0.097216,-0.51699,-0.22337,0.18993
1,-0.69733,-0.15218,-0.51699,-0.22337,0.18993
1,-0.5762,-0.11684,-0.51699,-0.22337,0.18993
1,-0.15222,-0.12466,-0.51699,-0.22337,0.18993
1,-0.5762,-0.11684,-0.53463,-0.22337,0.18993
1,0.54863,0.22385,0.5541,0.15628,0.18993
1,0.35828,-0.11684,-0.48761,-0.22337,0.18993
1,0.63516,-0.15902,0.50215,0.15628,0.18993
1,1.5523,-0.15902,-0.48761,0.15628,0.18993
1,-0.71464,-0.12419,0.52697,0.15628,0.18993
1,-0.69733,-0.12801,0.31704,0.15628,0.18993
1,-0.69733,-0.12801,-0.12576,0.15628,0.18993
1,-0.5762,-0.18566,-0.12576,-0.22337,0.18993
1,1.7513,-0.20941,-0.60806,-0.22337,-0.78425
1,-0.35123,-0.12801,0.55962,0.15628,2.3548
1,-0.67137,-0.10998,0.9288,0.15628,2.3548
1,0.76494,-0.12801,-0.60806,0.15628,-0.78425
1,-0.22144,-0.21312,-0.65445,-0.22337,-0.56776
1,0.54863,-0.094957,-0.17387,0.15628,-0.56776
1,-0.68868,-0.10998,-0.17669,0.15628,0.18993
1,0.63516,-0.21334,-0.60806,-0.22337,-0.78425
1,0.15927,-0.052977,0.79651,-0.22337,0.18993
1,-0.15222,-0.11439,0.74407,-0.22337,0.18993
1,0.59189,0.065559,-0.68071,0.15628,-0.56776
1,1.7513,-0.19539,-0.00067683,-0.22337,0.18993
1,-0.72329,-0.18941,-0.44317,-0.22337,-0.78425
1,-0.73194,-0.20191,-0.44317,-0.22337,-0.78425
1,0.69572,-0.19623,-0.13783,-0.22337,0.18993
1,-0.73194,-0.20191,-0.13783,-0.22337,0.18993
1,-0.19549,-0.064809,0.85491,-0.22337,0.18993
1,-0.5935,-0.15739,-0.57918,-0.22337,0.18993
1,1.7859,-0.079741,0.25442,0.15628,0.18993
1,-0.73194,-0.079741,0.24733,0.15628,0.18993
1,-0.72329,-0.18245,0.19961,-0.22337,0.18993
1,-0.72329,-0.18429,0.18562,-0.22337,0.18993
1,1.7513,-0.034052,0.19961,0.15628,0.18993
1,0.92069,-0.13099,0.19961,-0.22337,0.18993
1,0.28906,-0.18001,0.048259,-0.22337,0.18993
1,0.76494,-0.034052,1.5148,0.15628,2.3548
1,-0.68868,-0.18245,-0.64316,-0.22337,0.18993
1,0.39289,-0.034052,-0.64316,0.15628,0.18993
1,-0.73194,-0.13099,0.24733,-0.22337,0.18993
1,0.92069,-0.22309,-0.43719,-0.22337,-0.78425
1,-0.71464,-0.24644,-0.66877,-0.22337,0.18993
1,2.1234,0.30394,-0.61675,0.15628,-0.78425
1,2.4695,-0.24028,-0.60589,0.15628,2.3548
1,-0.68003,-0.11973,0.089601,-0.22337,0.18993
1,-0.56754,-0.11973,0.11032,-0.22337,0.18993
1,-0.60215,-0.12092,0.076078,-0.22337,0.18993
1,1.5523,-0.18666,-0.48585,-0.22337,-0.78425
1,1.7513,-0.14822,-0.51666,-0.22337,0.18993
1,0.76494,-0.15777,-0.51666,-0.22337,0.18993
1,-0.22144,-0.20571,-0.50601,-0.22337,-0.56776
1,-0.68868,-0.16572,-0.51564,-0.22337,0.18993
1,1.5523,-0.23876,-0.51666,-0.22337,0.18993
1,3.0665,-0.050649,-0.51666,0.15628,0.18993
1,0.15927,0.26042,-0.34845,0.15628,0.18993
1,0.21984,-0.1105,-0.34845,-0.22337,0.18993
1,0.21984,-0.1105,-0.42652,-0.22337,-0.78425
1,2.4695,0.012993,-0.27213,0.15628,-0.56776
1,0.27175,-0.10218,-0.34845,-0.22337,0.18993
1,0.59189,0.08147,-0.34845,0.15628,0.18993
1,-0.67137,-0.11427,-0.34845,-0.22337,0.18993
1,1.5523,-0.2207,-0.42652,-0.35625,-0.78425
1,0.86012,-0.22423,-0.32888,-0.22337,0.18993
1,-0.5762,-0.0042751,-0.4792,0.15628,0.18993
1,-0.35123,0.22893,3.1335,0.15628,2.3548
1,-0.22144,-0.21231,-0.24928,-0.22337,-0.56776
1,1.1803,-0.12509,-0.68435,-0.22337,0.18993
1,-0.69733,0.076991,-0.61645,0.15628,-0.78425
1,-0.69733,0.076991,2.7182,0.15628,2.3548
1,-0.67137,0.10908,3.5847,0.15628,2.3548
1,0.76494,0.076991,-0.60822,0.15628,-0.78425
1,-0.73194,-0.15493,-0.56383,-0.22337,0.18993
1,-0.49832,-0.15493,-0.60379,-0.22337,0.18993
1,1.7513,-0.052664,-0.60379,-0.22337,0.18993
1,1.7513,-0.052664,0.17291,-0.22337,0.18993
1,-0.5762,-0.17398,-0.56383,-0.22337,0.18993
1,0.69572,-0.17928,0.13842,-0.22337,0.18993
1,-0.73194,-0.17833,0.13842,-0.22337,0.18993
1,-0.71464,-0.17833,-0.60379,-0.22337,0.18993
1,-0.68003,-0.080138,1.1268,-0.22337,0.18993
1,-0.73194,-0.082226,1.1268,-0.22337,0.18993
1,0.27175,-0.089769,0.97502,-0.22337,0.18993
1,0.69572,-0.09327,0.83066,-0.22337,0.18993
1,0.86012,-0.05644,-0.61855,0.15628,-0.78425
1,-0.69733,0.029541,1.9259,0.15628,2.3548
1,0.74764,0.029541,2.0314,0.15628,2.3548
1,-0.5762,0.089518,2.9699,0.15628,2.3548
1,1.7513,0.029541,-0.41973,0.15628,-0.56776
1,-0.67137,-0.051047,-0.4488,0.15628,-0.56776
1,-0.60215,-0.05644,-0.4488,0.15628,-0.56776
1,0.39289,-0.2321,-0.4488,-0.35625,-0.56776
1,-0.5762,-0.18949,-0.15639,-0.22337,0.18993
1,-0.23875,-0.18899,0.057516,-0.22337,0.18993
1,-0.72329,-0.18672,-0.16795,-0.22337,0.18993
1,0.69572,-0.18899,0.07259,-0.22337,0.18993
1,-0.49832,-0.077018,1.5245,0.15628,0.18993
1,0.74764,0.057594,-0.59279,0.15628,-0.78425
1,-0.5762,-0.17837,-0.23988,0.15628,0.18993
1,0.92069,-0.16617,-0.23988,0.15628,0.18993
1,0.21984,-0.11755,-0.49036,0.15628,0.18993
1,3.2396,-0.16328,0.43438,-0.22337,0.18993
1,0.69572,-0.1761,-0.49036,0.15628,0.18993
1,3.0665,0.098037,1.5245,0.15628,2.3548
1,1.7859,-0.097331,1.1082,-0.22337,0.18993
1,1.7513,-0.10179,0.67359,-0.22337,0.18993
1,-0.68003,-0.064436,-0.21951,-0.22337,0.18993
1,-0.73194,0.1993,3.3398,0.15628,2.3548
1,-0.72329,-0.19784,-0.080205,-0.22337,0.18993
1,0.63516,0.065875,-0.080205,0.15628,0.18993
1,-0.49832,-0.11561,-0.61952,-0.22337,-0.78425
1,1.7859,-0.18142,-0.62599,-0.22337,-0.78425
1,-0.68868,-0.24802,-0.67466,-0.39422,-0.88167
1,0.86012,-0.15477,-0.62599,-0.22337,-0.78425
1,3.2396,-0.18142,-0.25701,-0.22337,0.18993
1,-0.73194,-0.10955,-0.23544,-0.22337,0.18993
1,-0.67137,0.037408,1.0632,0.15628,0.18993
1,0.76494,0.037408,-0.61952,0.15628,-0.78425
1,0.59189,-0.15477,-0.24304,-0.22337,0.18993
1,-0.67137,-0.11763,-0.24304,-0.22337,0.18993
1,-0.5762,-0.18522,-0.55609,-0.22337,0.18993
1,-0.5762,-0.11853,0.8759,-0.22337,0.18993
1,3.2396,-0.11853,0.033253,-0.22337,0.18993
1,-0.72329,-0.082506,0.12567,-0.22337,0.18993
1,-0.73194,-0.12897,0.12567,-0.22337,0.18993
1,1.5523,-0.18991,0.03584,-0.22337,0.18993
1,0.39289,-0.13209,0.03584,-0.22337,0.18993
1,-0.35123,0.19554,2.2601,0.15628,2.3548
1,-0.67137,-0.025247,1.6395,0.15628,2.3548
1,-0.60215,-0.073148,-0.13537,0.15628,0.18993
1,-0.68868,-0.07221,1.6395,0.15628,2.3548
1,0.63516,-0.043726,1.6517,0.15628,2.3548
1,-0.68868,-0.066625,1.6395,0.15628,2.3548
1,-0.72329,0.24053,4.4167,0.15628,2.3548
1,-0.67137,-0.17571,-0.6737,0.15628,-0.88167
1,0.76494,-0.16723,0.31077,0.15628,2.3548
1,3.2396,-0.074939,0.4924,0.15628,0.18993
1,-0.22144,-0.20127,-0.26953,-0.22337,-0.56776
1,0.54863,0.22053,-0.020352,0.15628,-0.56776
1,-0.73194,0.13042,0.61015,0.15628,0.18993
1,0.86012,-0.1526,-0.13976,-0.22337,0.18993
1,-0.5762,-0.15217,-0.53086,-0.22337,-0.78425
1,1.7513,-0.20042,-0.53086,-0.22337,-0.78425
1,0.92069,-0.20547,-0.53086,-0.22337,-0.78425
1,-0.35123,-0.20251,-0.67222,-0.22337,-0.88167
1,-0.5935,-0.15217,-0.036409,-0.22337,0.18993
1,-0.22144,-0.19239,-0.25344,-0.22337,-0.56776
1,0.54863,0.052523,-0.25344,0.15628,-0.56776
1,0.63516,0.10224,-0.0092725,0.15628,0.18993
1,-0.73194,-0.20547,-0.11927,-0.22337,0.18993
1,1.7859,-0.10291,-0.60562,-0.22337,-0.78425
1,-0.73194,0.26392,-0.60562,0.15628,-0.78425
1,-0.5762,-0.083651,-0.60562,-0.22337,-0.78425
1,0.86012,-0.17211,-0.60562,-0.22337,-0.78425
1,-0.5762,-0.083651,-0.44506,-0.22337,0.18993
1,0.92069,-0.23405,-0.5486,-0.22337,0.18993
1,3.2396,-0.10291,-0.5486,-0.22337,0.18993
1,-0.70598,-0.062612,-0.44371,-0.22337,-0.78425
1,-0.72329,-0.14184,-0.44371,-0.22337,-0.78425
1,-0.22144,-0.22412,-0.50812,-0.22337,-0.56776
1,0.35828,-0.083651,-0.50812,-0.22337,0.18993
1,0.69572,-0.17211,-0.50812,-0.22337,0.18993
1,-0.60215,-0.17211,-0.488,-0.22337,0.18993
1,0.15927,-0.17291,0.27236,-0.22337,0.18993
1,1.7513,-0.17135,0.12026,-0.22337,0.18993
1,0.92069,-0.12048,0.36732,-0.22337,0.18993
1,-0.27336,-0.15678,0.27236,-0.22337,0.18993
1,-0.35123,-0.047209,0.29178,0.15628,0.18993
1,-0.68003,-0.15146,0.3782,-0.22337,0.18993
1,-0.5762,-0.18368,-0.5974,-0.22337,0.18993
1,0.40154,-0.18962,-0.57519,-0.22337,0.18993
1,-0.22144,-0.17805,-0.15054,0.15628,0.18993
1,-0.31662,-0.21594,-0.68211,-0.22337,-0.88924
1,1.5523,-0.17805,-0.66493,0.15628,-0.86002
1,2.4262,1.7592,0.92222,1.4851,0.18993
1,-0.67137,-0.060693,-0.64828,-0.22337,-0.78425
1,-0.31662,-0.060693,-0.68435,-0.22337,-0.78425
1,-0.22144,0.41215,7.604,1.4851,2.3548
1,-0.31662,0.37464,-0.65943,1.4851,-0.86002
1,1.5523,0.41215,-0.65993,1.4851,-0.86002
1,0.69572,0.41215,7.4026,1.4851,9.9318
1,-0.22144,-0.041244,-0.21748,0.15628,0.18993
1,0.78225,1.6172,3.0821,1.4851,2.3548
1,-0.31662,1.6172,2.9624,1.4851,2.3548
1,-0.10896,0.06129,-0.66221,0.15628,-0.86002
1,-0.22144,0.39174,-0.66221,0.15628,-0.86002
1,0.78225,0.2975,-0.67535,0.15628,-0.86002
1,-0.67137,-0.072048,-0.67535,-0.22337,-0.86002
1,-0.31662,0.22323,-0.67535,0.15628,-0.86002
1,-0.73194,-0.056448,-0.67535,-0.22337,-0.86002
1,0.58324,-0.25081,-0.66395,-0.4075,-0.86002
1,2.4262,-0.0079511,-0.67798,1.4851,-0.86002
1,2.2099,-0.011848,-0.67818,1.4851,-0.86002
1,1.5523,-0.00876,1.7553,1.4851,0.18993
1,0.69572,-0.00876,2.4337,1.4851,9.9318
1,-0.22144,0.075517,1.1861,0.15628,0.18993
1,0.58324,0.33755,1.1861,0.15628,0.18993
1,-0.22144,0.16557,2.2479,1.4851,2.3548
1,-0.28201,-0.23104,-0.65758,-0.35625,-0.86002
1,0.046785,-0.23104,-0.65583,-0.35625,-0.86002
1,-0.73194,-0.23104,-0.43949,-0.35625,-0.56776
1,1.5523,-0.026192,-0.65583,1.4851,-0.86002
1,0.69572,0.11609,2.2479,1.4851,2.3548
1,-0.10896,0.1553,4.5353,1.4851,9.9318
1,-0.22144,0.1553,-0.40804,1.4851,-0.78425
1,-0.28201,-0.0040953,-0.65258,1.4851,-0.86002
1,-0.73194,-0.0040953,-0.65212,1.4851,-0.86002
1,-0.013782,0.1553,-0.65258,1.4851,-0.86002
1,-0.71464,0.10113,-0.50059,0.15628,-0.78425
1,-0.71464,0.24857,-0.66755,0.15628,-0.86002
1,-0.68868,0.25753,3.7539,0.15628,2.3548
1,-0.72329,0.25753,-0.28586,0.15628,-0.56776
1,2.8156,-0.1411,-0.61432,0.15628,-0.78425
1,-0.22144,0.39174,-0.55008,0.15628,-0.56776
1,0.54863,0.37772,-0.55008,0.15628,-0.56776
1,0.47076,0.30595,-0.51017,0.15628,-0.78425
1,0.67842,-0.24646,-0.66136,-0.4075,-0.88167
1,-0.35123,-0.13183,-0.67644,-0.22337,-0.88924
1,-0.22144,0.39174,-0.23157,0.15628,-0.56776
1,0.54863,0.39174,-0.23157,0.15628,-0.56776
1,-0.73194,0.11431,-0.6469,0.15628,-0.86002
1,-0.35123,-0.2517,-0.67787,-0.4113,-0.88167
1,-0.031087,-0.13219,-0.67371,-0.22337,-0.88167
1,-0.73194,-0.11666,-0.67371,-0.22337,-0.88167
1,0.68707,0.14324,-0.67371,0.15628,-0.88167
1,-0.68868,-0.098612,1.0136,0.15628,2.3548
1,2.1234,-0.24978,-0.67624,-0.4075,-0.88167
1,0.54863,0.22308,-0.23034,0.15628,-0.56776
1,0.47076,0.10231,-0.56428,0.15628,-0.78425
1,-0.72329,0.27967,2.0485,0.15628,2.3548
1,-0.70598,0.14463,-0.57558,0.15628,-0.78425
1,-0.68868,0.12245,-0.57558,0.15628,-0.78425
1,2.8156,-0.16638,-0.57554,-0.22337,-0.78425
1,-0.35123,-0.25143,-0.67597,-0.4113,-0.88167
1,0.54863,0.23489,-0.50296,0.15628,-0.56776
1,0.47076,-0.16615,-0.14692,-0.22337,-0.56776
1,-0.72329,-0.24417,-0.67597,-0.39422,-0.88167
1,-0.73194,0.2253,-0.67597,0.15628,-0.88167
1,-0.72329,-0.16033,-0.43165,-0.22337,-0.56776
1,-0.73194,-0.24776,-0.68062,-0.39422,-0.88924
1,-0.70598,-0.093006,-0.68062,0.15628,-0.88924
1,-0.68868,0.13427,2.2581,0.15628,2.3548
1,-0.73194,-0.25223,-0.68135,-0.41263,-0.88924
1,-0.35123,-0.24009,-0.68035,-0.39422,-0.88924
1,-0.66272,-0.092243,-0.68035,-0.22337,-0.88924
1,-0.031087,-0.11119,-0.52322,-0.22337,-0.78425
1,-0.73194,0.25302,-0.52322,0.15628,-0.78425
1,-0.72329,-0.19236,-0.58279,0.15628,-0.78425
1,-0.73194,-0.25224,-0.68111,-0.41263,-0.88924
1,-0.73194,-0.24976,-0.68065,-0.4075,-0.88924
1,-0.73194,-0.23838,-0.58279,-0.39422,-0.78425
1,0.54863,-0.17956,-0.62646,-0.22337,-0.78425
1,-0.49832,0.08836,2.4855,0.15628,2.3548
1,-0.73194,-0.24767,-0.6741,-0.39422,-0.88167
1,-0.70598,-0.24787,-0.6741,-0.39422,-0.88167
1,-0.53293,-0.087848,-0.48548,0.15628,-0.78425
1,2.2878,0.1584,-0.11986,0.15628,-0.56776
1,-0.35123,-0.21023,-0.67524,-0.35625,-0.88167
1,0.54863,-0.079315,-0.43053,0.15628,-0.56776
1,-0.73194,-0.24776,-0.6741,-0.39422,-0.88167
1,-0.031087,0.15001,-0.13643,0.15628,-0.56776
1,-0.72329,-0.21023,-0.62048,-0.35625,-0.78425
1,0.68707,0.05171,-0.13643,0.15628,-0.56776
1,4.2519,0.05171,-0.087527,0.15628,-0.56776
1,-0.72329,0.058227,2.1908,0.15628,2.3548
1,0.67842,-0.032861,-0.62732,0.15628,-0.86002
1,-0.68868,-0.12377,0.76632,0.15628,2.3548
1,-0.72329,-0.14055,0.40476,0.15628,0.18993
1,-0.73194,-0.248,-0.67134,-0.4075,-0.88167
1,-0.72329,-0.048111,-0.62582,0.15628,-0.86002
1,-0.72329,-0.063793,0.7296,0.15628,2.3548
1,-0.49832,0.055882,2.1265,0.15628,2.3548
1,2.2878,0.036826,0.47146,0.15628,0.18993
1,1.5696,0.036826,0.44965,0.15628,0.18993
1,-0.35123,-0.15587,0.44965,-0.22337,0.18993
1,-0.66272,0.011434,-0.67542,0.15628,-0.88167
1,-0.22144,-0.19173,-0.11471,0.15628,-0.56776
1,-0.73194,-0.24971,-0.67454,-0.4075,-0.88167
1,-0.61081,0.011434,0.82969,0.15628,0.18993
1,-0.72329,0.14961,2.0231,0.15628,2.3548
1,-0.73194,-0.2428,-0.68059,-0.39422,-0.88924
1,-0.72329,-0.13615,-0.30866,0.15628,-0.56776
1,-0.22144,0.31823,-0.42209,0.15628,-0.56776
1,0.54863,0.19585,-0.42209,0.15628,-0.56776
1,-0.73194,-0.23,-0.68059,-0.35625,-0.88924
1,-0.61081,-0.22581,-0.54999,-0.35625,-0.78425
1,-0.72329,-0.070768,-0.53714,0.15628,-0.78425
1,-0.73194,-0.03112,-0.66632,0.15628,-0.78425
1,0.67842,-0.042183,-0.66726,0.15628,-0.78425
1,-0.68868,-0.10507,0.86807,0.15628,2.3548
1,-0.72329,0.0017673,1.226,0.15628,2.3548
1,-0.53293,0.076923,1.226,0.15628,2.3548
1,-0.73194,-0.03112,-0.42817,0.15628,-0.56776
1,1.5696,-0.24994,-0.66846,-0.39422,-0.86002
1,-0.22144,0.19702,3.7579,0.15628,2.3548
1,-0.73194,-0.027186,2.184,0.15628,2.3548
1,-0.73194,-0.03112,-0.66688,0.15628,-0.78425
1,-0.73194,0.08597,2.6101,0.15628,2.3548
1,-0.73194,0.08597,2.527,0.15628,2.3548
1,-0.61081,0.08597,1.8819,0.15628,2.3548
1,1.5696,-0.25153,-0.67269,-0.4113,-0.88167
1,-0.35123,-0.25153,-0.67457,-0.4113,-0.88167
1,0.47076,0.21616,4.1418,0.15628,2.3548
1,-0.70598,0.044076,-0.67682,0.15628,-0.88167
1,-0.68868,0.044076,1.0924,0.15628,2.3548
1,-0.68868,-0.048019,1.0924,0.15628,2.3548
1,-0.35123,-0.25179,-0.68104,-0.4113,-0.88924
1,0.47076,0.0042925,0.59701,0.15628,0.18993
1,-0.73194,-0.14072,-0.68104,-0.22337,-0.88924
1,-0.53293,-0.12423,-0.59795,0.15628,-0.78425
1,-0.35123,-0.19705,-0.62345,-0.22337,-0.78425
1,-0.22144,-0.20694,-0.56003,-0.22337,-0.56776
1,0.54863,0.16896,-0.56003,0.15628,-0.56776
1,-0.70598,0.13598,-0.60792,0.15628,-0.78425
1,-0.68868,0.0045895,-0.60792,0.15628,-0.78425
1,-0.68868,0.0045895,2.6079,0.15628,2.3548
1,1.5696,-0.24704,-0.67337,-0.39422,-0.88167
1,-0.66272,0.27848,-0.67337,0.15628,-0.88167
1,-0.63676,0.31479,-0.6716,0.15628,-0.88167
1,0.68707,0.27437,-0.6716,0.15628,-0.88167
1,-0.72329,0.2471,-0.55086,0.15628,-0.78425
1,0.54863,0.39174,-0.64819,0.15628,-0.86002
1,0.47076,-0.12521,-0.49391,-0.22337,-0.78425
1,-0.67137,0.20119,-0.66749,0.15628,-0.78425
1,-0.03974,-0.24968,-0.66749,-0.39422,-0.86002
1,-0.71464,0.39174,-0.66939,0.15628,-0.88167
1,-0.72329,0.39174,5.0656,0.15628,2.3548
1,-0.73194,0.08601,-0.67636,0.15628,-0.88167
1,2.8156,-0.23239,-0.67636,-0.35625,-0.88167
1,1.5696,-0.2293,-0.66749,-0.35625,-0.86002
1,-0.66272,-0.22785,-0.38343,-0.35625,-0.56776
1,-0.73194,0.08601,-0.66859,0.15628,-0.86002
1,-0.031087,0.15729,-0.67689,0.15628,-0.88167
1,0.68707,-0.23239,-0.67689,-0.35625,-0.88167
1,-0.72329,-0.098105,-0.40261,0.15628,-0.56776
1,-0.68868,0.15385,2.9968,0.15628,2.3548
1,-0.72329,-0.10796,-0.11142,0.15628,0.18993
1,-0.53293,-0.10796,-0.579,0.15628,-0.78425
1,-0.35123,-0.22901,-0.67709,-0.35625,-0.88167
1,-0.22144,-0.15526,-0.64828,0.15628,-0.78425
1,0.54863,0.39174,-0.64828,0.15628,-0.78425
1,0.68707,-0.19901,-0.37975,-0.22337,-0.56776
1,0.67842,0.042403,3.0555,0.15628,2.3548
1,-0.68868,0.0665,3.1429,0.15628,2.3548
1,2.2878,0.049272,-0.67223,0.15628,-0.88167
1,2.8156,0.019282,-0.67223,0.15628,-0.88167
1,-0.66272,0.084613,-0.67326,0.15628,-0.88167
1,-0.72329,-0.2388,-0.67029,-0.39422,-0.88167
1,-0.61081,0.084613,-0.50661,0.15628,-0.78425
1,1.5523,-0.079201,-0.50745,0.15628,0.18993
1,-0.68003,-0.18257,-0.14446,-0.22337,0.18993
1,-0.49832,-0.18257,-0.19196,-0.22337,0.18993
1,-0.56754,0.068664,0.22197,0.15628,0.18993
1,0.92069,0.068664,0.11701,0.15628,0.18993
1,3.2396,0.068664,0.33089,0.15628,0.18993
1,-0.00513,-0.15886,0.16971,-0.22337,0.18993
1,-0.72329,-0.11882,0.52905,-0.22337,0.18993
1,0.35828,-0.1866,0.12282,-0.22337,0.18993
1,-0.28201,-0.1866,0.086868,-0.22337,0.18993
1,-0.5762,-0.25148,-0.67776,-0.39422,-0.88924
1,-0.22144,-0.25171,-0.67776,-0.39422,-0.88924
1,-0.72329,-0.25171,-0.67684,-0.39422,-0.88924
1,-0.60215,-0.25182,-0.67547,-0.39422,-0.78425
1,1.5523,0.093853,-0.671,0.15628,-0.78425
1,0.86012,-0.094626,0.13009,0.15628,2.3548
1,-0.73194,-0.094626,0.040578,0.15628,2.3548
1,-0.72329,-0.1902,-0.6768,0.15628,-0.88924
1,0.40154,0.10452,-0.004702,0.15628,2.3548
1,-0.68003,0.11708,3.9414,0.15628,2.3548
1,-0.73194,0.10452,-0.6768,0.15628,-0.88924
1,-0.19549,-0.2264,-0.67827,0.15628,-0.88924
1,-0.71464,-0.2264,-0.6768,0.15628,-0.88924
1,-0.73194,-0.079641,1.0774,0.15628,0.18993
1,-0.22144,0.031087,-0.61329,0.15628,-0.78425
1,-0.65407,0.10231,2.6485,0.15628,2.3548
1,-0.73194,0.14057,2.6485,0.15628,2.3548
1,0.046785,0.031087,-0.60642,0.15628,-0.78425
1,-0.71464,0.14057,-0.60642,0.15628,-0.78425
1,0.86012,-0.0035253,2.0592,0.15628,2.3548
1,-0.22144,-0.24686,-0.62848,-0.39422,-0.78425
1,0.69572,0.042247,2.5415,0.15628,2.3548
1,1.5523,0.042247,2.2544,0.15628,2.3548
1,-0.73194,-0.07951,1.4234,0.15628,2.3548
1,0.59189,-0.080925,1.5232,0.15628,2.3548
1,-0.68003,0.33906,-0.65921,0.15628,-0.78425
1,-0.71464,-0.057202,1.4675,0.15628,2.3548
1,-0.07435,0.048227,-0.67787,0.15628,-0.78425
1,0.59189,0.077123,-0.67787,0.15628,-0.78425
1,-0.67137,0.072953,-0.67787,0.15628,-0.78425
1,1.1803,0.083201,-0.67787,0.15628,-0.78425
1,-0.00513,0.022801,-0.6194,0.15628,-0.78425
1,-0.72329,0.022801,-0.62133,0.15628,-0.78425
1,-0.07435,0.032178,-0.63672,0.15628,-0.56776
1,0.69572,-0.23328,-0.6194,-0.35625,-0.78425
1,-0.5762,-0.19537,-0.58586,0.15628,0.18993
1,-0.67137,0.22791,0.056058,0.15628,0.18993
1,-0.71464,-0.068091,0.056058,-0.22337,0.18993
1,-0.68003,-0.2284,-0.59501,0.15628,-0.56776
1,1.5523,-0.2284,-0.636,0.15628,-0.56776
1,1.3879,-0.039567,-0.67707,0.15628,-0.88924
1,0.15927,-0.039567,1.0739,0.15628,0.18993
1,-0.67137,-0.25194,-0.67787,-0.41263,-0.88924
1,-0.71464,-0.24778,-0.67682,-0.4075,-0.88924
1,-0.35123,-0.24774,-0.62448,-0.4075,-0.86002
1,-0.5762,-0.21205,-0.62234,-0.35625,-0.86002
1,-0.72329,-0.2479,-0.62606,-0.4075,-0.86002
1,-0.71464,-0.21205,-0.62578,-0.35625,-0.86002
1,0.69572,-0.20719,-0.62383,-0.35625,-0.86002
1,1.5523,-0.20719,-0.62359,-0.35625,-0.86002
1,0.39289,-0.24783,-0.65553,-0.39422,-0.86002
0,-0.60215,-0.24914,-0.68141,-0.22337,0.18993
0,0.40154,-0.20861,-0.65256,-0.35625,-0.78425
0,-0.72329,-0.25051,-0.67724,-0.39422,-0.88167
0,-0.28201,-0.18512,0.094648,-0.22337,0.18993
0,2.4695,-0.043726,1.5838,0.15628,2.3548
0,0.69572,-0.19239,-0.13976,-0.22337,0.18993
0,0.86012,0.33653,-0.65627,0.15628,-0.78425
0,-0.27336,-0.169,-0.68118,-0.22337,0.18993
0,2.8156,0.14324,-0.65205,0.15628,-0.86002
0,-0.61946,-0.056715,1.2875,0.15628,2.3548
0,-0.69733,0.031611,2.6561,0.15628,2.3548
0,-0.35123,-0.13361,-0.49662,-0.22337,-0.78425
0,-0.73194,0.067966,1.8461,0.15628,2.3548
0,-0.22144,0.39174,-0.56773,0.15628,-0.56776
0,0.046785,-0.23838,-0.68279,-0.39422,-0.88167
0,0.69572,-0.11318,-0.31449,-0.22337,0.18993
0,1.0764,0.065166,0.46658,0.15628,2.3548
0,-0.73194,-0.25051,-0.67773,-0.39422,-0.88167
0,1.7513,-0.08344,1.1268,-0.22337,0.18993
0,-0.73194,-0.11427,1.064,-0.22337,0.18993
0,-0.23875,0.33755,-0.18859,0.15628,-0.56776
0,0.54863,0.39174,-0.088,0.15628,-0.56776
0,-0.28201,0.37464,1.9542,1.4851,2.3548
0,-0.27336,-0.13668,-0.34845,-0.22337,0.18993
0,0.10735,-0.12466,-0.52346,-0.22337,0.18993
0,-0.67137,-0.077298,-0.43189,-0.22337,-0.78425
0,2.1234,0.39174,-0.66887,0.15628,-0.88167
0,-0.63676,-0.19623,0.0065804,-0.22337,0.18993
0,1.7513,-0.19418,0.03584,-0.22337,0.18993
0,-0.49832,1.775,0.8308,1.4851,0.18993
0,-0.35123,0.28201,-0.14276,0.15628,0.18993
0,-0.73194,-0.18901,-0.15639,-0.22337,0.18993
0,-0.64542,-0.021439,0.024037,0.15628,0.18993
0,-0.67137,-0.18693,0.1387,-0.22337,0.18993
0,-0.73194,-0.17563,-0.51767,-0.22337,0.18993
0,0.15927,-0.1526,-0.29429,-0.22337,0.18993
0,0.35828,-0.15217,0.094648,-0.22337,0.18993
0,-0.69733,-0.15218,-0.53463,-0.22337,0.18993
0,-0.73194,-0.24982,-0.67603,-0.4075,-0.88167
0,-0.68868,-0.064963,-0.21951,-0.22337,0.18993
0,0.69572,-0.1866,0.1237,-0.22337,0.18993
0,-0.23875,-0.1622,-0.67466,-0.22337,-0.88167
0,-0.69733,0.044076,-0.61278,0.15628,-0.78425
0,-0.64542,-0.12183,0.76666,-0.22337,0.18993
0,1.7513,-0.13133,-0.51699,-0.22337,0.18993
0,0.39289,0.065875,-0.21368,0.15628,-0.56776
0,0.072743,0.063067,-0.67787,0.15628,-0.78425
0,-0.67137,-0.082532,0.97502,-0.22337,0.18993
0,-0.73194,-0.19105,-0.16795,-0.22337,0.18993
0,-0.23875,-0.23104,-0.65166,-0.35625,-0.86002
0,-0.69733,0.32618,-0.6537,0.15628,-0.86002
0,0.10735,-0.22309,-0.59277,-0.22337,0.18993
0,0.69572,1.6918,6.6742,1.4851,2.3548
0,0.47076,0.24715,-0.46478,0.15628,-0.78425
0,-0.56754,-0.15751,-0.51767,-0.22337,0.18993
0,0.30636,-0.20057,-0.34079,-0.22337,-0.56776
0,-0.28201,-0.10137,-0.48585,-0.22337,-0.78425
0,-0.73194,-0.014491,-0.6373,0.15628,-0.86002
0,-0.52428,-0.24877,-0.65594,-0.39422,-0.86002
0,-0.73194,0.041806,-0.59279,0.15628,-0.78425
0,-0.73194,-0.15184,0.13468,-0.22337,0.18993
0,-0.67137,0.33906,1.5388,0.15628,2.3548
0,0.10735,-0.077189,-0.18749,-0.22337,0.18993
0,-0.73194,-0.18542,-0.50118,0.15628,-0.78425
0,-0.64542,-0.054441,1.722,0.15628,2.3548
0,-0.73194,0.062834,-0.67716,0.15628,-0.88167
0,-0.73194,-0.1893,0.13299,-0.22337,0.18993
0,0.27175,-0.17514,0.12781,-0.22337,0.18993
0,-0.71464,-0.11244,0.74162,-0.22337,0.18993
0,-0.73194,-0.12581,-0.49662,-0.22337,-0.78425
0,-0.73194,-0.24162,-0.58637,-0.39422,-0.78425
0,-0.73194,-0.11757,-0.34845,-0.22337,0.18993
0,-0.22144,0.13539,3.3008,0.15628,2.3548
0,-0.73194,-0.1302,0.31816,-0.22337,0.18993
0,0.59189,-0.24636,-0.65627,-0.39422,-0.86002
0,-0.2301,-0.13838,-0.50601,-0.22337,0.18993
0,-0.67137,0.11708,0.46658,0.15628,2.3548
0,-0.63676,1.6172,0.67093,1.4851,0.18993
0,0.21984,-0.2396,-0.53463,-0.22337,0.18993
0,-0.66272,-0.080138,0.83066,-0.22337,0.18993
0,0.67842,-0.04935,-0.652,0.15628,-0.86002
0,-0.73194,0.32704,-0.67643,0.15628,-0.88924
0,0.40154,-0.20719,-0.6456,-0.35625,-0.78425
0,4.2519,0.27437,-0.5547,0.15628,-0.78425
0,-0.73194,-0.18693,-0.15639,-0.22337,0.18993
0,1.7513,-0.16706,-0.3092,-0.22337,0.18993
0,-0.5762,-0.23838,-0.68043,-0.39422,-0.88924
0,-0.60215,-0.11799,0.5277,-0.22337,0.18993
0,-0.23875,-0.21348,-0.68211,-0.22337,-0.88924
0,-0.68868,-0.094626,0.23867,0.15628,2.3548
0,0.74764,0.050491,2.7182,0.15628,2.3548
0,1.3879,0.094469,1.4234,0.15628,2.3548
0,-0.69733,-0.17718,0.14357,-0.22337,0.18993
0,0.21984,-0.11548,-0.52476,-0.22337,0.18993
0,0.39289,0.33896,-0.65849,0.15628,-0.78425
0,-0.67137,-0.24029,-0.61381,-0.39422,-0.78425
0,-0.49832,0.2224,3.6963,0.15628,2.3548
0,-0.28201,-0.060693,0.93884,-0.22337,0.18993
0,-0.63676,-0.11652,-0.67371,-0.22337,-0.88167
0,-0.73194,-0.15184,0.17067,-0.22337,0.18993
0,-0.64542,0.11122,-0.62216,0.15628,-0.78425
0,-0.70598,0.062834,-0.66348,0.15628,-0.78425
0,2.755,-0.025688,-0.60796,0.15628,-0.78425
0,0.40154,-0.16023,-0.32888,-0.22337,0.18993
0,0.86012,-0.082129,1.4234,0.15628,2.3548
0,0.59189,-0.14936,-0.29378,-0.22337,0.18993
0,-0.50698,-0.11811,-0.45383,-0.22337,0.18993
0,-0.37719,-0.050378,0.40821,0.15628,0.18993
0,-0.15222,-0.052977,1.1136,-0.22337,0.18993
0,0.86012,-0.12148,-0.51699,-0.22337,0.18993
0,-0.22144,-0.041244,-0.080709,0.15628,0.18993
0,-0.70598,-0.24698,-0.64948,-0.39422,-0.86002
0,2.1234,-0.24704,-0.67358,-0.39422,-0.88167
0,-0.37719,-0.17297,-0.25701,-0.22337,0.18993
0,0.046785,0.089395,-0.67457,0.15628,-0.88167
0,-0.73194,-0.12497,-0.49424,-0.22337,-0.78425
0,-0.63676,0.08601,-0.42125,0.15628,-0.56776
0,0.58324,-0.23105,-0.67869,-0.39422,-0.86002
0,-0.60215,-0.12583,0.8759,-0.22337,0.18993
0,-0.73194,-0.23104,-0.65269,-0.35625,-0.86002
0,-0.63676,0.37464,-0.66777,1.4851,-0.86002
0,-0.07435,0.16626,-0.66749,0.15628,-0.78425
0,0.59189,-0.1761,0.24153,-0.22337,0.18993
0,-0.37719,0.056956,0.73109,0.15628,0.18993
0,-0.73194,-0.25149,-0.67684,-0.39422,-0.88924
0,-0.5762,-0.17416,-0.1901,-0.22337,0.18993
0,-0.37719,-0.16617,0.058628,-0.22337,0.18993
0,-0.15222,-0.10526,0.49808,-0.22337,0.18993
0,-0.73194,-0.10955,1.0632,-0.22337,0.18993
0,-0.73194,-0.25013,-0.67603,-0.4075,-0.88167
0,-0.5762,-0.12749,0.66691,-0.22337,0.18993
0,0.39289,-0.18666,0.076078,-0.22337,0.18993
0,-0.28201,-0.11439,0.70852,-0.22337,0.18993
0,0.072743,-0.058104,-0.68435,-0.22337,0.18993
0,0.21984,0.016445,-0.62599,0.15628,-0.78425
0,-0.50698,-0.14035,0.084973,-0.22337,0.18993
0,0.92069,-0.19118,0.092068,-0.22337,0.18993
0,-0.70598,0.32704,-0.6061,0.15628,-0.86002
0,1.7513,-0.18861,0.037968,-0.22337,0.18993
0,-0.31662,-0.044848,-0.67757,0.15628,-0.86002
0,-0.67137,-0.21039,-0.47641,-0.22337,0.18993
0,-0.70598,-0.13104,0.12567,-0.22337,0.18993
0,-0.73194,-0.090796,-0.21951,-0.22337,0.18993
0,-0.00513,-0.23734,-0.53202,-0.22337,0.18993
0,0.69572,-0.20861,-0.65415,-0.35625,-0.78425
0,-0.71464,-0.034052,0.19523,0.15628,0.18993
0,0.046785,-0.23958,-0.6047,-0.22337,-0.86002
0,-0.68868,-0.15239,-0.56383,-0.22337,0.18993
0,-0.67137,0.047682,-0.488,0.15628,0.18993
0,-0.73194,-0.019841,-0.67787,0.15628,-0.88924
0,0.072743,-0.077449,0.94443,0.15628,0.18993
0,-0.73194,-0.25197,-0.67778,-0.4113,-0.88167
0,2.2878,-0.037951,-0.65298,0.15628,-0.86002
0,-0.67137,0.15957,-0.65553,0.15628,-0.78425
0,-0.22144,-0.25035,-0.67682,-0.39422,-0.88924
0,-0.68003,-0.17151,0.25695,-0.22337,0.18993
0,2.2099,0.18948,-0.66395,0.15628,-0.86002
0,-0.65407,-0.17151,0.060901,-0.22337,0.18993
0,-0.69733,-0.084606,1.2875,0.15628,2.3548
0,-0.5762,-0.097246,-0.61097,0.15628,-0.78425
0,-0.73194,-0.17151,0.29212,-0.22337,0.18993
0,2.2099,0.25654,-0.40612,0.15628,-0.78425
0,0.39289,-0.21814,-0.60299,-0.22337,-0.78425
0,-0.68003,-0.11427,-0.42652,-0.22337,-0.78425
0,-0.70598,-0.24769,-0.6741,-0.39422,-0.88167
0,0.28906,-0.098922,1.1875,-0.22337,0.18993
0,0.39289,-0.24563,-0.636,0.15628,2.3548
0,0.11601,-0.04886,-0.65807,0.15628,-0.86002
0,1.5696,-0.13607,-0.67407,0.15628,-0.88167
0,0.21984,0.41215,-0.65943,1.4851,-0.86002
0,-0.73194,-0.24914,-0.68192,-0.22337,0.18993
0,2.755,0.093853,-0.66978,0.15628,-0.78425
0,3.2396,-0.13859,0.73109,-0.22337,0.18993
0,-0.73194,0.06494,0.84352,0.15628,0.18993
0,-0.67137,-0.20793,-0.46936,-0.22337,0.18993
0,-0.73194,0.13598,-0.61043,0.15628,-0.78425
0,0.40154,-0.14187,-0.014994,0.15628,0.18993
0,0.28906,-0.11755,0.055977,-0.22337,0.18993
0,-0.031087,0.24715,0.82969,0.15628,0.18993
0,-0.73194,-0.16617,0.036193,-0.22337,0.18993
0,-0.72329,0.20509,-0.39499,0.15628,-0.56776
0,0.39289,-0.064809,-0.46936,-0.22337,0.18993
0,-0.68868,-0.20832,-0.38121,-0.22337,0.18993
0,4.2519,0.17959,-0.0074187,0.15628,-0.56776
0,-0.72329,-0.099444,0.97967,-0.22337,0.18993
0,-0.70598,-0.24698,-0.64665,-0.39422,-0.86002
0,0.21984,-0.041244,-0.40413,0.15628,-0.56776
0,4.2519,-0.1411,-0.28586,0.15628,-0.56776
0,-0.67137,-0.10647,0.48581,-0.22337,0.18993
0,-0.00513,-0.22072,-0.66972,-0.22337,0.18993
0,1.5696,-0.24796,-0.62898,-0.39422,-0.86002
0,-0.72329,-0.18542,0.13885,0.15628,-0.56776
0,-0.62811,-0.12552,0.043722,-0.22337,0.18993
0,-0.56754,-0.15493,-0.58548,-0.22337,0.18993
0,-0.67137,-0.25043,-0.66055,-0.39422,-0.88167
0,-0.10896,1.7592,-0.67869,1.4851,-0.86002
0,2.755,-0.25029,-0.65849,-0.39422,-0.78425
0,-0.67137,-0.17341,0.18974,-0.22337,0.18993
0,-0.49832,-0.064809,-0.034971,-0.22337,0.18993
0,-0.64542,-0.22072,-0.68192,-0.22337,0.18993
0,-0.22144,0.32099,-0.61254,0.15628,-0.78425
0,0.63516,-0.12434,-0.51666,-0.22337,0.18993
0,-0.47237,-0.060693,-0.40612,-0.22337,-0.78425
0,-0.07435,-0.2444,-0.58947,-0.22337,0.18993
0,-0.07435,-0.17514,0.048259,-0.22337,0.18993
0,1.3879,0.36245,6.9471,0.15628,2.3548
0,0.76494,-0.023662,-0.27213,0.15628,-0.56776
0,0.47076,0.10171,-0.67722,0.15628,-0.88167
0,-0.69733,-0.023662,1.2415,0.15628,0.18993
0,0.21984,-0.17987,0.21896,-0.22337,0.18993
0,-0.67137,-0.13209,0.062093,-0.22337,0.18993
0,-0.72329,-0.15242,-0.3092,-0.22337,0.18993
0,1.7513,-0.12877,-0.60562,-0.22337,-0.78425
0,2.755,-0.24783,-0.6456,-0.39422,-0.86002
0,-0.64542,-0.047785,1.5616,0.15628,2.3548
0,-0.69733,-0.22278,-0.65155,-0.35625,-0.78425
0,0.28906,-0.059306,-0.44371,-0.22337,-0.78425
0,-0.66272,0.23084,-0.67063,0.15628,-0.88167
0,0.74764,0.21024,-0.3069,0.15628,0.18993
0,-0.63676,-0.03112,-0.66723,0.15628,-0.78425
0,-0.73194,-0.10494,0.076078,-0.22337,0.18993
0,-0.73194,0.06494,0.7934,0.15628,0.18993
0,-0.72329,-0.085917,-0.63224,0.15628,-0.86002
0,0.59189,0.19388,-0.66749,0.15628,-0.78425
0,-0.73194,-0.2284,-0.59754,0.15628,-0.56776
0,-0.67137,-0.20778,-0.66715,-0.35625,-0.88167
0,0.21984,-0.051547,0.16971,-0.22337,0.18993
0,-0.27336,-0.049063,0.79448,-0.22337,0.18993
0,-0.68003,-0.1526,0.054484,-0.22337,0.18993
0,-0.37719,-0.15024,-0.51767,-0.22337,0.18993
0,2.4695,0.073377,3.4407,0.15628,2.3548
0,-0.73194,-0.25049,-0.67101,-0.4075,-0.88167
0,-0.67137,-0.19239,-0.030819,-0.22337,0.18993
0,2.4262,-0.21254,-0.66866,-0.35625,-0.86002
0,-0.56754,-0.10887,-0.5486,-0.22337,0.18993
0,2.4695,0.018967,-0.33316,0.15628,-0.56776
0,2.1234,-0.25122,-0.67054,-0.4075,-0.86002
0,2.8156,0.019593,-0.67101,0.15628,-0.88167
0,-0.22144,0.31823,-0.4,0.15628,-0.56776
0,0.28906,-0.22072,-0.43719,-0.22337,-0.78425
0,-0.71464,-0.072711,0.8811,-0.22337,0.18993
0,-0.63676,-0.048111,-0.62972,0.15628,-0.86002
0,-0.73194,-0.12903,-0.42652,-0.22337,-0.78425
0,-0.03974,0.026527,-0.63672,0.15628,-0.56776
0,-0.68868,-0.12377,-0.62732,0.15628,-0.86002
0,0.40154,0.050576,-0.62421,0.15628,-0.78425
0,0.47076,0.34007,6.633,0.15628,2.3548
0,0.86012,-0.12854,-0.62383,-0.22337,-0.86002
0,2.8156,-0.23432,-0.68014,-0.35625,-0.88924
0,0.63516,-0.19299,-0.19196,-0.22337,0.18993
0,-0.73194,-0.16128,0.14481,0.15628,0.18993
0,-0.68003,-0.24914,-0.67827,-0.22337,0.18993
0,0.69572,0.065559,0.70852,0.15628,0.18993
0,-0.73194,-0.12398,-0.49874,-0.22337,0.18993
0,1.7859,-0.16169,-0.3069,-0.22337,0.18993
0,-0.2301,-0.055046,0.1352,-0.22337,0.18993
0,0.35828,-0.14219,0.70852,-0.22337,0.18993
0,-0.68003,-0.17996,-0.68192,-0.22337,0.18993
0,1.5523,-0.19239,-0.0092725,-0.22337,0.18993
0,-0.63676,-0.13253,0.1679,0.15628,0.18993
0,-0.63676,-0.21205,-0.62681,-0.35625,-0.86002
0,-0.62811,-0.073664,0.88578,-0.22337,0.18993
0,-0.70598,-0.24812,-0.67134,-0.4075,-0.88167
0,1.5523,-0.043726,0.26824,0.15628,0.18993
0,-0.72329,-0.13566,-0.64811,-0.22337,-0.86002
0,-0.73194,-0.13104,0.8759,-0.22337,0.18993
0,3.2396,-0.18949,-0.30163,-0.22337,0.18993
0,-0.5762,-0.16169,0.14481,0.15628,0.18993
0,-0.22144,0.34509,-0.5449,0.15628,-0.56776
0,-0.15222,-0.16626,-0.60018,-0.22337,0.18993
0,-0.72329,-0.2476,-0.67026,-0.39422,-0.86002
0,-0.68003,-0.073664,-0.49874,-0.22337,0.18993
0,0.15927,-0.054194,-0.14446,-0.22337,0.18993
0,-0.68868,-0.090439,0.14481,0.15628,0.18993
0,0.27175,-0.17837,0.24153,-0.22337,0.18993
0,-0.22144,0.41215,1.932,1.4851,2.3548
0,0.21984,-0.10815,-0.66859,-0.22337,-0.86002
0,-0.72329,-0.15678,0.36732,-0.22337,0.18993
0,1.0764,-0.11681,-0.67707,-0.22337,-0.88924
0,2.8156,0.030441,-0.65298,0.15628,-0.86002
0,-0.73194,0.39174,6.9471,0.15628,2.3548
0,0.046785,0.0014242,-0.37975,0.15628,-0.56776
0,-0.5935,-0.17837,0.055977,-0.22337,0.18993
0,1.5523,0.27346,-0.60642,0.15628,-0.78425
0,-0.49832,0.10974,-0.49727,0.15628,-0.78425
0,-0.72329,0.12099,2.7182,0.15628,2.3548
0,-0.70598,0.11431,-0.64739,0.15628,-0.86002
0,-0.70598,-0.2477,-0.67778,-0.39422,-0.88167
0,-0.68868,-0.054661,0.057516,-0.22337,0.18993
0,0.15927,-0.22309,-0.65029,-0.35625,-0.78425
0,2.8156,-0.010367,-0.67103,0.15628,-0.88167
0,-0.69733,-0.15365,-0.67827,0.15628,-0.88924
0,-0.72329,-0.16094,-0.53463,-0.22337,0.18993
0,1.7859,-0.13859,0.74407,-0.22337,0.18993
0,-0.73194,-0.14184,-0.50812,-0.22337,0.18993
0,2.1234,0.26102,-0.66828,0.15628,-0.88167
0,-0.63676,0.10506,1.3622,0.15628,2.3548
0,0.046785,-0.2264,-0.67821,0.15628,-0.78425
0,-0.03974,-0.25146,-0.67546,-0.39422,-0.88167
0,-0.56754,-0.12048,0.49747,-0.22337,0.18993
0,-0.70598,-0.16123,-0.2884,-0.22337,0.18993
0,0.86012,0.31719,-0.58753,0.15628,2.3548
0,-0.2301,-0.1622,0.36504,-0.22337,0.18993
0,1.5696,-0.24782,-0.66348,-0.39422,-0.78425
0,0.74764,-0.20267,-0.36614,-0.22337,0.18993
0,-0.72329,-0.13183,-0.63286,-0.22337,-0.86002
0,0.67842,-0.11758,-0.6494,-0.22337,-0.86002
0,0.74764,0.026658,-0.32888,0.15628,0.18993
0,-0.23875,-0.23892,-0.67899,-0.22337,-0.88167
0,0.67842,-0.23808,-0.6537,-0.39422,-0.86002
0,-0.19549,-0.075652,-0.60642,0.15628,-0.78425
0,-0.22144,-0.081907,-0.43963,0.15628,-0.56776
0,0.046785,0.08836,-0.13643,0.15628,-0.56776
0,-0.73194,-0.077298,1.2612,-0.22337,0.18993
0,-0.065697,0.20723,-0.58753,0.15628,2.3548
0,-0.68868,0.099128,-0.64738,0.15628,-0.86002
0,-0.73194,-0.10032,-0.65913,0.15628,-0.78425
0,-0.67137,1.6172,0.82318,1.4851,0.18993
0,0.21984,-0.11548,-0.48761,-0.22337,0.18993
0,-0.49832,0.037706,2.6057,0.15628,2.3548
0,-0.60215,-0.10998,-0.65891,0.15628,0.18993
0,-0.69733,-0.2149,-0.55408,0.15628,-0.78425
0,-0.65407,-0.054194,0.22197,-0.22337,0.18993
0,0.28906,-0.19677,-0.16795,-0.22337,0.18993
0,-0.62811,-0.08344,1.3619,-0.22337,0.18993
0,1.7859,-0.10291,-0.44506,-0.22337,0.18993
0,1.8205,0.094469,1.8195,0.15628,2.3548
0,-0.73194,0.32704,-0.60595,0.15628,-0.86002
0,0.046785,-0.24783,-0.64796,-0.39422,-0.86002
0,-0.47237,-0.21426,-0.66468,-0.35625,-0.86002
0,0.27175,13.6959,0.73692,13.8237,0.18993
0,-0.73194,-0.1625,-0.60018,-0.22337,0.18993
0,-0.73194,-0.22176,-0.67026,-0.35625,-0.86002
0,-0.73194,-0.11799,0.7424,-0.22337,0.18993
0,-0.22144,-0.25015,-0.65718,-0.39422,-0.78425
0,-0.72329,-0.084407,-0.45573,-0.22337,-0.78425
0,-0.67137,-0.25121,-0.67935,-0.39422,-0.88167
0,-0.67137,-0.18106,-0.44178,0.15628,0.18993
0,-0.65407,-0.073664,-0.53202,-0.22337,0.18993
0,-0.65407,-0.19919,-0.44317,-0.22337,-0.78425
0,0.21984,-0.13284,-0.49424,-0.22337,-0.78425
0,-0.67137,-0.21619,-0.34079,-0.35625,-0.56776
0,1.7859,0.26042,1.0387,0.15628,0.18993
0,-0.63676,-0.24974,-0.67603,-0.4075,-0.88167
0,-0.68868,-0.13838,-0.51564,-0.22337,0.18993
0,-0.048392,0.29733,-0.64574,0.15628,-0.78425
0,-0.68868,-0.14557,-0.488,-0.22337,0.18993
0,0.28906,-0.082824,-0.45573,-0.22337,-0.78425
0,-0.73194,-0.15751,-0.51564,-0.22337,0.18993
0,-0.68003,-0.12577,0.076078,-0.22337,0.18993
0,-0.057045,-0.25194,-0.6776,-0.41263,-0.88924
0,-0.23875,-0.13361,-0.48585,-0.22337,-0.78425
0,-0.50698,-0.24999,-0.65199,-0.39422,-0.78425
0,-0.5935,-0.15716,0.16731,-0.22337,0.18993
0,-0.00513,-0.23876,-0.52963,-0.22337,0.18993
0,-0.60215,-0.12148,-0.49874,-0.22337,0.18993
0,-0.73194,-0.1887,-0.64316,-0.22337,0.18993
0,0.072743,-0.23122,-0.62283,-0.35625,-0.86002
0,-0.72329,-0.15124,-0.05977,-0.22337,0.18993
0,-0.63676,0.28125,0.87927,0.15628,0.18993
0,-0.73194,-0.18106,0.063137,-0.22337,0.18993
0,0.15927,0.33653,-0.60446,0.15628,-0.86002
0,-0.69733,-0.18778,-0.23988,0.15628,0.18993
0,0.11601,-0.21254,-0.66791,-0.35625,-0.86002
0,0.39289,-0.2395,-0.51666,-0.22337,0.18993
0,-0.72329,-0.17833,-0.57236,-0.22337,0.18993
0,0.86012,0.26042,3.6427,0.15628,2.3548
0,-0.72329,-0.10555,0.071473,-0.22337,0.18993
0,-0.19549,-0.070157,0.52697,0.15628,0.18993
0,-0.00513,-0.18902,-0.57236,-0.22337,0.18993
0,1.8205,0.065166,1.8114,0.15628,2.3548
0,-0.00513,-0.25035,-0.65758,-0.39422,-0.78425
0,-0.03974,0.14897,-0.34079,0.15628,-0.56776
0,0.39289,-0.13169,-0.21951,-0.22337,0.18993
0,-0.07435,-0.23785,-0.49662,-0.39422,-0.78425
0,-0.66272,-0.13846,0.70852,-0.22337,0.18993
0,-0.15222,-0.17996,-0.59277,-0.22337,0.18993
0,0.86012,0.065559,0.74407,0.15628,0.18993
0,-0.65407,-0.060593,-0.44371,-0.22337,-0.78425
0,-0.62811,-0.19087,0.068917,-0.22337,0.18993
0,-0.15222,-0.15091,0.18366,-0.22337,0.18993
0,0.69572,-0.12583,0.12684,-0.22337,0.18993
0,-0.23875,-0.20861,-0.62234,-0.35625,-0.86002
0,-0.67137,-0.18158,-0.68435,-0.22337,0.18993
0,-0.53293,0.25753,-0.51017,0.15628,-0.78425
0,1.8465,-0.13801,0.59634,-0.22337,0.18993
0,-0.73194,0.19728,-0.67457,0.15628,-0.88167
0,1.7513,0.016445,0.9491,0.15628,0.18993
0,-0.67137,-0.23122,-0.60606,-0.35625,-0.86002
0,-0.28201,-0.10616,-0.42652,-0.22337,-0.78425
0,-0.64542,-0.1887,0.048259,-0.22337,0.18993
0,-0.69733,0.1714,0.14033,0.15628,0.18993
0,0.072743,-0.063398,0.24145,0.15628,0.18993
0,-0.68868,-0.17996,-0.6799,-0.22337,0.18993
0,1.7513,-0.11244,0.97967,-0.22337,0.18993
0,-0.68868,-0.032398,1.4741,0.15628,2.3548
0,0.21984,-0.17135,0.34705,-0.22337,0.18993
0,0.21984,-0.18943,0.04249,-0.22337,0.18993
0,-0.2301,-0.19239,-0.075553,-0.22337,0.18993
0,1.7513,-0.046831,0.12878,-0.22337,0.18993
0,0.39289,-0.082532,1.4179,-0.22337,0.18993
0,-0.5762,-0.25044,-0.67457,-0.4075,-0.88167
0,-0.61081,0.23084,1.9639,0.15628,2.3548
0,1.7859,-0.18397,-0.43719,-0.22337,-0.78425
0,-0.65407,-0.18674,0.048259,-0.22337,0.18993
0,-0.65407,-0.23737,-0.67899,-0.22337,-0.88167
0,-0.69733,-0.17571,-0.67323,0.15628,-0.88167
0,0.40154,-0.16966,-0.24928,-0.22337,0.18993
0,1.7859,-0.20246,-0.53086,-0.22337,-0.78425
0,-0.68868,-0.13383,-0.48884,-0.22337,0.18993
0,-0.49832,0.095656,3.1366,0.15628,2.3548
