1,1.7859,-0.097216,-0.51699,-0.22337,0.18993
1,-0.69733,-0.15218,-0.51699,-0.22337,0.18993
1,-0.5762,-0.11684,-0.51699,-0.22337,0.18993
1,-0.15222,-0.12466,-0.51699,-0.22337,0.18993
1,-0.5762,-0.11684,-0.53463,-0.22337,0.18993
1,0.54863,0.22385,0.5541,0.15628,0.18993
1,0.35828,-0.11684,-0.48761,-0.22337,0.18993
1,0.63516,-0.15902,0.50215,0.15628,0.18993
1,1.5523,-0.15902,-0.48761,0.15628,0.18993
1,-0.71464,-0.12419,0.52697,0.15628,0.18993
1,-0.69733,-0.12801,0.31704,0.15628,0.18993
1,-0.69733,-0.12801,-0.12576,0.15628,0.18993
1,-0.5762,-0.18566,-0.12576,-0.22337,0.18993
1,1.7513,-0.20941,-0.60806,-0.22337,-0.78425
1,-0.35123,-0.12801,0.55962,0.15628,2.3548
1,-0.67137,-0.10998,0.9288,0.15628,2.3548
1,0.76494,-0.12801,-0.60806,0.15628,-0.78425
1,-0.22144,-0.21312,-0.65445,-0.22337,-0.56776
1,0.54863,-0.094957,-0.17387,0.15628,-0.56776
1,-0.68868,-0.10998,-0.17669,0.15628,0.18993
1,0.63516,-0.21334,-0.60806,-0.22337,-0.78425
1,0.15927,-0.052977,0.79651,-0.22337,0.18993
1,-0.15222,-0.11439,0.74407,-0.22337,0.18993
1,0.59189,0.065559,-0.68071,0.15628,-0.56776
1,1.7513,-0.19539,-0.00067683,-0.22337,0.18993
1,-0.72329,-0.18941,-0.44317,-0.22337,-0.78425
1,-0.73194,-0.20191,-0.44317,-0.22337,-0.78425
1,0.69572,-0.19623,-0.13783,-0.22337,0.18993
1,-0.73194,-0.20191,-0.13783,-0.22337,0.18993
1,-0.19549,-0.064809,0.85491,-0.22337,0.18993
1,-0.5935,-0.15739,-0.57918,-0.22337,0.18993
1,1.7859,-0.079741,0.25442,0.15628,0.18993
1,-0.73194,-0.079741,0.24733,0.15628,0.18993
1,-0.72329,-0.18245,0.19961,-0.22337,0.18993
1,-0.72329,-0.18429,0.18562,-0.22337,0.18993
1,1.7513,-0.034052,0.19961,0.15628,0.18993
1,0.92069,-0.13099,0.19961,-0.22337,0.18993
1,0.28906,-0.18001,0.048259,-0.22337,0.18993
1,0.76494,-0.034052,1.5148,0.15628,2.3548
1,-0.68868,-0.18245,-0.64316,-0.22337,0.18993
1,0.39289,-0.034052,-0.64316,0.15628,0.18993
1,-0.73194,-0.13099,0.24733,-0.22337,0.18993
1,0.92069,-0.22309,-0.43719,-0.22337,-0.78425
1,-0.71464,-0.24644,-0.66877,-0.22337,0.18993
1,2.1234,0.30394,-0.61675,0.15628,-0.78425
1,2.4695,-0.24028,-0.60589,0.15628,2.3548
1,-0.68003,-0.11973,0.089601,-0.22337,0.18993
1,-0.56754,-0.11973,0.11032,-0.22337,0.18993
1,-0.60215,-0.12092,0.076078,-0.22337,0.18993
1,1.5523,-0.18666,-0.48585,-0.22337,-0.78425
1,1.7513,-0.14822,-0.51666,-0.22337,0.18993
1,0.76494,-0.15777,-0.51666,-0.22337,0.18993
1,-0.22144,-0.20571,-0.50601,-0.22337,-0.56776
1,-0.68868,-0.16572,-0.51564,-0.22337,0.18993
1,1.5523,-0.23876,-0.51666,-0.22337,0.18993
1,3.0665,-0.050649,-0.51666,0.15628,0.18993
1,0.15927,0.26042,-0.34845,0.15628,0.18993
1,0.21984,-0.1105,-0.34845,-0.22337,0.18993
1,0.21984,-0.1105,-0.42652,-0.22337,-0.78425
1,2.4695,0.012993,-0.27213,0.15628,-0.56776
1,0.27175,-0.10218,-0.34845,-0.22337,0.18993
1,0.59189,0.08147,-0.34845,0.15628,0.18993
1,-0.67137,-0.11427,-0.34845,-0.22337,0.18993
1,1.5523,-0.2207,-0.42652,-0.35625,-0.78425
1,0.86012,-0.22423,-0.32888,-0.22337,0.18993
1,-0.5762,-0.0042751,-0.4792,0.15628,0.18993
1,-0.35123,0.22893,3.1335,0.15628,2.3548
1,-0.22144,-0.21231,-0.24928,-0.22337,-0.56776
1,1.1803,-0.12509,-0.68435,-0.22337,0.18993
1,-0.69733,0.076991,-0.61645,0.15628,-0.78425
1,-0.69733,0.076991,2.7182,0.15628,2.3548
1,-0.67137,0.10908,3.5847,0.15628,2.3548
1,0.76494,0.076991,-0.60822,0.15628,-0.78425
1,-0.73194,-0.15493,-0.56383,-0.22337,0.18993
1,-0.49832,-0.15493,-0.60379,-0.22337,0.18993
1,1.7513,-0.052664,-0.60379,-0.22337,0.18993
1,1.7513,-0.052664,0.17291,-0.22337,0.18993
1,-0.5762,-0.17398,-0.56383,-0.22337,0.18993
1,0.69572,-0.17928,0.13842,-0.22337,0.18993
1,-0.73194,-0.17833,0.13842,-0.22337,0.18993
1,-0.71464,-0.17833,-0.60379,-0.22337,0.18993
1,-0.68003,-0.080138,1.1268,-0.22337,0.18993
1,-0.73194,-0.082226,1.1268,-0.22337,0.18993
1,0.27175,-0.089769,0.97502,-0.22337,0.18993
1,0.69572,-0.09327,0.83066,-0.22337,0.18993
1,0.86012,-0.05644,-0.61855,0.15628,-0.78425
1,-0.69733,0.029541,1.9259,0.15628,2.3548
1,0.74764,0.029541,2.0314,0.15628,2.3548
1,-0.5762,0.089518,2.9699,0.15628,2.3548
1,1.7513,0.029541,-0.41973,0.15628,-0.56776
1,-0.67137,-0.051047,-0.4488,0.15628,-0.56776
1,-0.60215,-0.05644,-0.4488,0.15628,-0.56776
1,0.39289,-0.2321,-0.4488,-0.35625,-0.56776
1,-0.5762,-0.18949,-0.15639,-0.22337,0.18993
1,-0.23875,-0.18899,0.057516,-0.22337,0.18993
1,-0.72329,-0.18672,-0.16795,-0.22337,0.18993
1,0.69572,-0.18899,0.07259,-0.22337,0.18993
1,-0.49832,-0.077018,1.5245,0.15628,0.18993
1,0.74764,0.057594,-0.59279,0.15628,-0.78425
1,-0.5762,-0.17837,-0.23988,0.15628,0.18993
1,0.92069,-0.16617,-0.23988,0.15628,0.18993
1,0.21984,-0.11755,-0.49036,0.15628,0.18993
1,3.2396,-0.16328,0.43438,-0.22337,0.18993
1,0.69572,-0.1761,-0.49036,0.15628,0.18993
1,3.0665,0.098037,1.5245,0.15628,2.3548
1,1.7859,-0.097331,1.1082,-0.22337,0.18993
1,1.7513,-0.10179,0.67359,-0.22337,0.18993
1,-0.68003,-0.064436,-0.21951,-0.22337,0.18993
1,-0.73194,0.1993,3.3398,0.15628,2.3548
1,-0.72329,-0.19784,-0.080205,-0.22337,0.18993
1,0.63516,0.065875,-0.080205,0.15628,0.18993
1,-0.49832,-0.11561,-0.61952,-0.22337,-0.78425
1,1.7859,-0.18142,-0.62599,-0.22337,-0.78425
1,-0.68868,-0.24802,-0.67466,-0.39422,-0.88167
1,0.86012,-0.15477,-0.62599,-0.22337,-0.78425
1,3.2396,-0.18142,-0.25701,-0.22337,0.18993
1,-0.73194,-0.10955,-0.23544,-0.22337,0.18993
1,-0.67137,0.037408,1.0632,0.15628,0.18993
1,0.76494,0.037408,-0.61952,0.15628,-0.78425
1,0.59189,-0.15477,-0.24304,-0.22337,0.18993
1,-0.67137,-0.11763,-0.24304,-0.22337,0.18993
1,-0.5762,-0.18522,-0.55609,-0.22337,0.18993
1,-0.5762,-0.11853,0.8759,-0.22337,0.18993
1,3.2396,-0.11853,0.033253,-0.22337,0.18993
1,-0.72329,-0.082506,0.12567,-0.22337,0.18993
1,-0.73194,-0.12897,0.12567,-0.22337,0.18993
1,1.5523,-0.18991,0.03584,-0.22337,0.18993
1,0.39289,-0.13209,0.03584,-0.22337,0.18993
1,-0.35123,0.19554,2.2601,0.15628,2.3548
1,-0.67137,-0.025247,1.6395,0.15628,2.3548
1,-0.60215,-0.073148,-0.13537,0.15628,0.18993
1,-0.68868,-0.07221,1.6395,0.15628,2.3548
1,0.63516,-0.043726,1.6517,0.15628,2.3548
1,-0.68868,-0.066625,1.6395,0.15628,2.3548
1,-0.72329,0.24053,4.4167,0.15628,2.3548
1,-0.67137,-0.17571,-0.6737,0.15628,-0.88167
1,0.76494,-0.16723,0.31077,0.15628,2.3548
1,3.2396,-0.074939,0.4924,0.15628,0.18993
1,-0.22144,-0.20127,-0.26953,-0.22337,-0.56776
1,0.54863,0.22053,-0.020352,0.15628,-0.56776
1,-0.73194,0.13042,0.61015,0.15628,0.18993
1,0.86012,-0.1526,-0.13976,-0.22337,0.18993
1,-0.5762,-0.15217,-0.53086,-0.22337,-0.78425
1,1.7513,-0.20042,-0.53086,-0.22337,-0.78425
1,0.92069,-0.20547,-0.53086,-0.22337,-0.78425
1,-0.35123,-0.20251,-0.67222,-0.22337,-0.88167
1,-0.5935,-0.15217,-0.036409,-0.22337,0.18993
1,-0.22144,-0.19239,-0.25344,-0.22337,-0.56776
1,0.54863,0.052523,-0.25344,0.15628,-0.56776
1,0.63516,0.10224,-0.0092725,0.15628,0.18993
1,-0.73194,-0.20547,-0.11927,-0.22337,0.18993
1,1.7859,-0.10291,-0.60562,-0.22337,-0.78425
1,-0.73194,0.26392,-0.60562,0.15628,-0.78425
1,-0.5762,-0.083651,-0.60562,-0.22337,-0.78425
1,0.86012,-0.17211,-0.60562,-0.22337,-0.78425
1,-0.5762,-0.083651,-0.44506,-0.22337,0.18993
1,0.92069,-0.23405,-0.5486,-0.22337,0.18993
1,3.2396,-0.10291,-0.5486,-0.22337,0.18993
1,-0.70598,-0.062612,-0.44371,-0.22337,-0.78425
1,-0.72329,-0.14184,-0.44371,-0.22337,-0.78425
1,-0.22144,-0.22412,-0.50812,-0.22337,-0.56776
1,0.35828,-0.083651,-0.50812,-0.22337,0.18993
1,0.69572,-0.17211,-0.50812,-0.22337,0.18993
1,-0.60215,-0.17211,-0.488,-0.22337,0.18993
1,0.15927,-0.17291,0.27236,-0.22337,0.18993
1,1.7513,-0.17135,0.12026,-0.22337,0.18993
1,0.92069,-0.12048,0.36732,-0.22337,0.18993
1,-0.27336,-0.15678,0.27236,-0.22337,0.18993
1,-0.35123,-0.047209,0.29178,0.15628,0.18993
1,-0.68003,-0.15146,0.3782,-0.22337,0.18993
1,-0.5762,-0.18368,-0.5974,-0.22337,0.18993
1,0.40154,-0.18962,-0.57519,-0.22337,0.18993
1,-0.22144,-0.17805,-0.15054,0.15628,0.18993
1,-0.31662,-0.21594,-0.68211,-0.22337,-0.88924
1,1.5523,-0.17805,-0.66493,0.15628,-0.86002
1,2.4262,1.7592,0.92222,1.4851,0.18993
1,-0.67137,-0.060693,-0.64828,-0.22337,-0.78425
1,-0.31662,-0.060693,-0.68435,-0.22337,-0.78425
1,-0.22144,0.41215,7.604,1.4851,2.3548
1,-0.31662,0.37464,-0.65943,1.4851,-0.86002
1,1.5523,0.41215,-0.65993,1.4851,-0.86002
1,0.69572,0.41215,7.4026,1.4851,9.9318
1,-0.22144,-0.041244,-0.21748,0.15628,0.18993
1,0.78225,1.6172,3.0821,1.4851,2.3548
1,-0.31662,1.6172,2.9624,1.4851,2.3548
1,-0.10896,0.06129,-0.66221,0.15628,-0.86002
1,-0.22144,0.39174,-0.66221,0.15628,-0.86002
1,0.78225,0.2975,-0.67535,0.15628,-0.86002
1,-0.67137,-0.072048,-0.67535,-0.22337,-0.86002
1,-0.31662,0.22323,-0.67535,0.15628,-0.86002
1,-0.73194,-0.056448,-0.67535,-0.22337,-0.86002
1,0.58324,-0.25081,-0.66395,-0.4075,-0.86002
1,2.4262,-0.0079511,-0.67798,1.4851,-0.86002
1,2.2099,-0.011848,-0.67818,1.4851,-0.86002
1,1.5523,-0.00876,1.7553,1.4851,0.18993
1,0.69572,-0.00876,2.4337,1.4851,9.9318
1,-0.22144,0.075517,1.1861,0.15628,0.18993
1,0.58324,0.33755,1.1861,0.15628,0.18993
1,-0.22144,0.16557,2.2479,1.4851,2.3548
1,-0.28201,-0.23104,-0.65758,-0.35625,-0.86002
1,0.046785,-0.23104,-0.65583,-0.35625,-0.86002
1,-0.73194,-0.23104,-0.43949,-0.35625,-0.56776
1,1.5523,-0.026192,-0.65583,1.4851,-0.86002
1,0.69572,0.11609,2.2479,1.4851,2.3548
1,-0.10896,0.1553,4.5353,1.4851,9.9318
1,-0.22144,0.1553,-0.40804,1.4851,-0.78425
1,-0.28201,-0.0040953,-0.65258,1.4851,-0.86002
1,-0.73194,-0.0040953,-0.65212,1.4851,-0.86002
1,-0.013782,0.1553,-0.65258,1.4851,-0.86002
1,-0.71464,0.10113,-0.50059,0.15628,-0.78425
1,-0.71464,0.24857,-0.66755,0.15628,-0.86002
1,-0.68868,0.25753,3.7539,0.15628,2.3548
1,-0.72329,0.25753,-0.28586,0.15628,-0.56776
1,2.8156,-0.1411,-0.61432,0.15628,-0.78425
1,-0.22144,0.39174,-0.55008,0.15628,-0.56776
1,0.54863,0.37772,-0.55008,0.15628,-0.56776
1,0.47076,0.30595,-0.51017,0.15628,-0.78425
1,0.67842,-0.24646,-0.66136,-0.4075,-0.88167
1,-0.35123,-0.13183,-0.67644,-0.22337,-0.88924
1,-0.22144,0.39174,-0.23157,0.15628,-0.56776
1,0.54863,0.39174,-0.23157,0.15628,-0.56776
1,-0.73194,0.11431,-0.6469,0.15628,-0.86002
1,-0.35123,-0.2517,-0.67787,-0.4113,-0.88167
1,-0.031087,-0.13219,-0.67371,-0.22337,-0.88167
1,-0.73194,-0.11666,-0.67371,-0.22337,-0.88167
1,0.68707,0.14324,-0.67371,0.15628,-0.88167
1,-0.68868,-0.098612,1.0136,0.15628,2.3548
1,2.1234,-0.24978,-0.67624,-0.4075,-0.88167
1,0.54863,0.22308,-0.23034,0.15628,-0.56776
1,0.47076,0.10231,-0.56428,0.15628,-0.78425
1,-0.72329,0.27967,2.0485,0.15628,2.3548
1,-0.70598,0.14463,-0.57558,0.15628,-0.78425
1,-0.68868,0.12245,-0.57558,0.15628,-0.78425
1,2.8156,-0.16638,-0.57554,-0.22337,-0.78425
1,-0.35123,-0.25143,-0.67597,-0.4113,-0.88167
1,0.54863,0.23489,-0.50296,0.15628,-0.56776
1,0.47076,-0.16615,-0.14692,-0.22337,-0.56776
1,-0.72329,-0.24417,-0.67597,-0.39422,-0.88167
1,-0.73194,0.2253,-0.67597,0.15628,-0.88167
1,-0.72329,-0.16033,-0.43165,-0.22337,-0.56776
1,-0.73194,-0.24776,-0.68062,-0.39422,-0.88924
1,-0.70598,-0.093006,-0.68062,0.15628,-0.88924
1,-0.68868,0.13427,2.2581,0.15628,2.3548
1,-0.73194,-0.25223,-0.68135,-0.41263,-0.88924
1,-0.35123,-0.24009,-0.68035,-0.39422,-0.88924
1,-0.66272,-0.092243,-0.68035,-0.22337,-0.88924
1,-0.031087,-0.11119,-0.52322,-0.22337,-0.78425
1,-0.73194,0.25302,-0.52322,0.15628,-0.78425
1,-0.72329,-0.19236,-0.58279,0.15628,-0.78425
1,-0.73194,-0.25224,-0.68111,-0.41263,-0.88924
1,-0.73194,-0.24976,-0.68065,-0.4075,-0.88924
1,-0.73194,-0.23838,-0.58279,-0.39422,-0.78425
1,0.54863,-0.17956,-0.62646,-0.22337,-0.78425
1,-0.49832,0.08836,2.4855,0.15628,2.3548
1,-0.73194,-0.24767,-0.6741,-0.39422,-0.88167
1,-0.70598,-0.24787,-0.6741,-0.39422,-0.88167
1,-0.53293,-0.087848,-0.48548,0.15628,-0.78425
1,2.2878,0.1584,-0.11986,0.15628,-0.56776
1,-0.35123,-0.21023,-0.67524,-0.35625,-0.88167
1,0.54863,-0.079315,-0.43053,0.15628,-0.56776
1,-0.73194,-0.24776,-0.6741,-0.39422,-0.88167
1,-0.031087,0.15001,-0.13643,0.15628,-0.56776
1,-0.72329,-0.21023,-0.62048,-0.35625,-0.78425
1,0.68707,0.05171,-0.13643,0.15628,-0.56776
1,4.2519,0.05171,-0.087527,0.15628,-0.56776
1,-0.72329,0.058227,2.1908,0.15628,2.3548
1,0.67842,-0.032861,-0.62732,0.15628,-0.86002
1,-0.68868,-0.12377,0.76632,0.15628,2.3548
1,-0.72329,-0.14055,0.40476,0.15628,0.18993
1,-0.73194,-0.248,-0.67134,-0.4075,-0.88167
1,-0.72329,-0.048111,-0.62582,0.15628,-0.86002
1,-0.72329,-0.063793,0.7296,0.15628,2.3548
1,-0.49832,0.055882,2.1265,0.15628,2.3548
1,2.2878,0.036826,0.47146,0.15628,0.18993
1,1.5696,0.036826,0.44965,0.15628,0.18993
1,-0.35123,-0.15587,0.44965,-0.22337,0.18993
1,-0.66272,0.011434,-0.67542,0.15628,-0.88167
1,-0.22144,-0.19173,-0.11471,0.15628,-0.56776
1,-0.73194,-0.24971,-0.67454,-0.4075,-0.88167
1,-0.61081,0.011434,0.82969,0.15628,0.18993
1,-0.72329,0.14961,2.0231,0.15628,2.3548
1,-0.73194,-0.2428,-0.68059,-0.39422,-0.88924
1,-0.72329,-0.13615,-0.30866,0.15628,-0.56776
1,-0.22144,0.31823,-0.42209,0.15628,-0.56776
1,0.54863,0.19585,-0.42209,0.15628,-0.56776
1,-0.73194,-0.23,-0.68059,-0.35625,-0.88924
1,-0.61081,-0.22581,-0.54999,-0.35625,-0.78425
1,-0.72329,-0.070768,-0.53714,0.15628,-0.78425
1,-0.73194,-0.03112,-0.66632,0.15628,-0.78425
1,0.67842,-0.042183,-0.66726,0.15628,-0.78425
1,-0.68868,-0.10507,0.86807,0.15628,2.3548
1,-0.72329,0.0017673,1.226,0.15628,2.3548
1,-0.53293,0.076923,1.226,0.15628,2.3548
1,-0.73194,-0.03112,-0.42817,0.15628,-0.56776
1,1.5696,-0.24994,-0.66846,-0.39422,-0.86002
1,-0.22144,0.19702,3.7579,0.15628,2.3548
1,-0.73194,-0.027186,2.184,0.15628,2.3548
1,-0.73194,-0.03112,-0.66688,0.15628,-0.78425
1,-0.73194,0.08597,2.6101,0.15628,2.3548
1,-0.73194,0.08597,2.527,0.15628,2.3548
1,-0.61081,0.08597,1.8819,0.15628,2.3548
1,1.5696,-0.25153,-0.67269,-0.4113,-0.88167
1,-0.35123,-0.25153,-0.67457,-0.4113,-0.88167
1,0.47076,0.21616,4.1418,0.15628,2.3548
1,-0.70598,0.044076,-0.67682,0.15628,-0.88167
1,-0.68868,0.044076,1.0924,0.15628,2.3548
1,-0.68868,-0.048019,1.0924,0.15628,2.3548
1,-0.35123,-0.25179,-0.68104,-0.4113,-0.88924
1,0.47076,0.0042925,0.59701,0.15628,0.18993
1,-0.73194,-0.14072,-0.68104,-0.22337,-0.88924
1,-0.53293,-0.12423,-0.59795,0.15628,-0.78425
1,-0.35123,-0.19705,-0.62345,-0.22337,-0.78425
1,-0.22144,-0.20694,-0.56003,-0.22337,-0.56776
1,0.54863,0.16896,-0.56003,0.15628,-0.56776
1,-0.70598,0.13598,-0.60792,0.15628,-0.78425
1,-0.68868,0.0045895,-0.60792,0.15628,-0.78425
1,-0.68868,0.0045895,2.6079,0.15628,2.3548
1,1.5696,-0.24704,-0.67337,-0.39422,-0.88167
1,-0.66272,0.27848,-0.67337,0.15628,-0.88167
1,-0.63676,0.31479,-0.6716,0.15628,-0.88167
1,0.68707,0.27437,-0.6716,0.15628,-0.88167
1,-0.72329,0.2471,-0.55086,0.15628,-0.78425
1,0.54863,0.39174,-0.64819,0.15628,-0.86002
1,0.47076,-0.12521,-0.49391,-0.22337,-0.78425
1,-0.67137,0.20119,-0.66749,0.15628,-0.78425
1,-0.03974,-0.24968,-0.66749,-0.39422,-0.86002
1,-0.71464,0.39174,-0.66939,0.15628,-0.88167
1,-0.72329,0.39174,5.0656,0.15628,2.3548
1,-0.73194,0.08601,-0.67636,0.15628,-0.88167
1,2.8156,-0.23239,-0.67636,-0.35625,-0.88167
1,1.5696,-0.2293,-0.66749,-0.35625,-0.86002
1,-0.66272,-0.22785,-0.38343,-0.35625,-0.56776
1,-0.73194,0.08601,-0.66859,0.15628,-0.86002
1,-0.031087,0.15729,-0.67689,0.15628,-0.88167
1,0.68707,-0.23239,-0.67689,-0.35625,-0.88167
1,-0.72329,-0.098105,-0.40261,0.15628,-0.56776
1,-0.68868,0.15385,2.9968,0.15628,2.3548
1,-0.72329,-0.10796,-0.11142,0.15628,0.18993
1,-0.53293,-0.10796,-0.579,0.15628,-0.78425
1,-0.35123,-0.22901,-0.67709,-0.35625,-0.88167
1,-0.22144,-0.15526,-0.64828,0.15628,-0.78425
1,0.54863,0.39174,-0.64828,0.15628,-0.78425
1,0.68707,-0.19901,-0.37975,-0.22337,-0.56776
1,0.67842,0.042403,3.0555,0.15628,2.3548
1,-0.68868,0.0665,3.1429,0.15628,2.3548
1,2.2878,0.049272,-0.67223,0.15628,-0.88167
1,2.8156,0.019282,-0.67223,0.15628,-0.88167
1,-0.66272,0.084613,-0.67326,0.15628,-0.88167
1,-0.72329,-0.2388,-0.67029,-0.39422,-0.88167
1,-0.61081,0.084613,-0.50661,0.15628,-0.78425
1,1.5523,-0.079201,-0.50745,0.15628,0.18993
1,-0.68003,-0.18257,-0.14446,-0.22337,0.18993
1,-0.49832,-0.18257,-0.19196,-0.22337,0.18993
1,-0.56754,0.068664,0.22197,0.15628,0.18993
1,0.92069,0.068664,0.11701,0.15628,0.18993
1,3.2396,0.068664,0.33089,0.15628,0.18993
1,-0.00513,-0.15886,0.16971,-0.22337,0.18993
1,-0.72329,-0.11882,0.52905,-0.22337,0.18993
1,0.35828,-0.1866,0.12282,-0.22337,0.18993
1,-0.28201,-0.1866,0.086868,-0.22337,0.18993
1,-0.5762,-0.25148,-0.67776,-0.39422,-0.88924
1,-0.22144,-0.25171,-0.67776,-0.39422,-0.88924
1,-0.72329,-0.25171,-0.67684,-0.39422,-0.88924
1,-0.60215,-0.25182,-0.67547,-0.39422,-0.78425
1,1.5523,0.093853,-0.671,0.15628,-0.78425
1,0.86012,-0.094626,0.13009,0.15628,2.3548
1,-0.73194,-0.094626,0.040578,0.15628,2.3548
1,-0.72329,-0.1902,-0.6768,0.15628,-0.88924
1,0.40154,0.10452,-0.004702,0.15628,2.3548
1,-0.68003,0.11708,3.9414,0.15628,2.3548
1,-0.73194,0.10452,-0.6768,0.15628,-0.88924
1,-0.19549,-0.2264,-0.67827,0.15628,-0.88924
1,-0.71464,-0.2264,-0.6768,0.15628,-0.88924
1,-0.73194,-0.079641,1.0774,0.15628,0.18993
1,-0.22144,0.031087,-0.61329,0.15628,-0.78425
1,-0.65407,0.10231,2.6485,0.15628,2.3548
1,-0.73194,0.14057,2.6485,0.15628,2.3548
1,0.046785,0.031087,-0.60642,0.15628,-0.78425
1,-0.71464,0.14057,-0.60642,0.15628,-0.78425
1,0.86012,-0.0035253,2.0592,0.15628,2.3548
1,-0.22144,-0.24686,-0.62848,-0.39422,-0.78425
1,0.69572,0.042247,2.5415,0.15628,2.3548
1,1.5523,0.042247,2.2544,0.15628,2.3548
1,-0.73194,-0.07951,1.4234,0.15628,2.3548
1,0.59189,-0.080925,1.5232,0.15628,2.3548
1,-0.68003,0.33906,-0.65921,0.15628,-0.78425
1,-0.71464,-0.057202,1.4675,0.15628,2.3548
1,-0.07435,0.048227,-0.67787,0.15628,-0.78425
1,0.59189,0.077123,-0.67787,0.15628,-0.78425
1,-0.67137,0.072953,-0.67787,0.15628,-0.78425
1,1.1803,0.083201,-0.67787,0.15628,-0.78425
1,-0.00513,0.022801,-0.6194,0.15628,-0.78425
1,-0.72329,0.022801,-0.62133,0.15628,-0.78425
1,-0.07435,0.032178,-0.63672,0.15628,-0.56776
1,0.69572,-0.23328,-0.6194,-0.35625,-0.78425
1,-0.5762,-0.19537,-0.58586,0.15628,0.18993
1,-0.67137,0.22791,0.056058,0.15628,0.18993
1,-0.71464,-0.068091,0.056058,-0.22337,0.18993
1,-0.68003,-0.2284,-0.59501,0.15628,-0.56776
1,1.5523,-0.2284,-0.636,0.15628,-0.56776
1,1.3879,-0.039567,-0.67707,0.15628,-0.88924
1,0.15927,-0.039567,1.0739,0.15628,0.18993
1,-0.67137,-0.25194,-0.67787,-0.41263,-0.88924
1,-0.71464,-0.24778,-0.67682,-0.4075,-0.88924
1,-0.35123,-0.24774,-0.62448,-0.4075,-0.86002
1,-0.5762,-0.21205,-0.62234,-0.35625,-0.86002
1,-0.72329,-0.2479,-0.62606,-0.4075,-0.86002
1,-0.71464,-0.21205,-0.62578,-0.35625,-0.86002
1,0.69572,-0.20719,-0.62383,-0.35625,-0.86002
1,1.5523,-0.20719,-0.62359,-0.35625,-0.86002
1,0.39289,-0.24783,-0.65553,-0.39422,-0.86002
0,0.58324,-0.026192,-0.65166,1.4851,-0.86002
0,1.7859,-0.16328,-0.23988,0.15628,0.18993
0,-0.07435,-0.25148,-0.67546,-0.39422,-0.88167
0,0.47076,0.076923,2.1926,0.15628,2.3548
0,-0.61946,-0.25029,-0.66055,-0.39422,-0.88167
0,-0.37719,0.10231,1.6071,0.15628,2.3548
0,-0.49832,-0.19549,-0.0092725,-0.22337,0.18993
0,2.2878,-0.23275,-0.66846,-0.35625,-0.78425
0,0.33232,-0.11716,-0.58679,0.15628,-0.78425
0,-0.69733,0.094802,0.024037,0.15628,0.18993
0,-0.63676,0.08601,-0.42125,0.15628,-0.56776
0,-0.68868,-0.12146,-0.652,0.15628,-0.86002
0,-0.72329,-0.084407,-0.45573,-0.22337,-0.78425
0,-0.52428,0.36245,-0.66055,0.15628,-0.88167
0,-0.68868,-0.11799,0.72069,-0.22337,0.18993
0,-0.68868,0.12099,4.0004,0.15628,2.3548
0,-0.013782,-0.12723,-0.67869,-0.22337,-0.86002
0,1.7859,-0.17996,0.20384,-0.22337,0.18993
0,0.046785,-0.25102,-0.68211,-0.4075,-0.88924
0,-0.68868,0.33653,2.6078,0.15628,2.3548
0,-0.68868,-0.052977,0.59804,-0.22337,0.18993
0,0.35828,-0.17341,0.12781,-0.22337,0.18993
0,-0.61946,-0.20006,-0.67827,0.15628,-0.88924
0,0.046785,-0.044848,1.7553,0.15628,0.18993
0,0.74764,0.1993,3.5379,0.15628,2.3548
0,0.54863,0.35774,-0.11471,0.15628,-0.56776
0,-0.5762,-0.14173,-0.3092,-0.22337,0.18993
0,-0.031087,0.28031,-0.6716,0.15628,-0.88167
0,-0.73194,-0.16128,0.14481,0.15628,0.18993
0,-0.73194,0.06494,0.84352,0.15628,0.18993
0,0.072743,0.026658,-0.35463,0.15628,0.18993
0,-0.65407,-0.19549,-0.29429,-0.22337,0.18993
0,0.21984,-0.11272,-0.45573,-0.22337,-0.78425
0,-0.15222,-0.16626,-0.60018,-0.22337,0.18993
0,-0.65407,-0.10463,-0.21951,-0.22337,0.18993
0,0.54863,0.26814,5.1492,0.15628,2.3548
0,-0.68003,-0.17151,0.15968,-0.22337,0.18993
0,-0.28201,-0.10137,-0.48585,-0.22337,-0.78425
0,0.54863,0.27048,-0.43963,0.15628,-0.56776
0,-0.73194,0.06494,0.7934,0.15628,0.18993
0,3.2396,-0.11237,0.11032,-0.22337,0.18993
0,-0.07435,-0.23785,-0.49662,-0.39422,-0.78425
0,-0.23875,-0.21348,-0.68211,-0.22337,-0.88924
0,-0.73194,-0.25132,-0.66972,-0.22337,0.18993
0,0.15927,0.34892,1.4799,0.15628,0.18993
0,-0.73194,-0.10494,0.076078,-0.22337,0.18993
0,-0.37719,-0.15024,-0.51767,-0.22337,0.18993
0,2.1234,-0.070267,-0.66846,0.15628,-0.78425
0,5.9305,0.042899,-0.66948,0.15628,-0.86002
0,-0.68003,-0.23876,-0.51564,-0.22337,0.18993
0,-0.73194,-0.25149,-0.67684,-0.39422,-0.88924
0,-0.68868,-0.1526,-0.67222,-0.22337,-0.88167
0,-0.60215,-0.12583,0.8759,-0.22337,0.18993
0,0.10735,-0.22309,-0.59277,-0.22337,0.18993
0,-0.5762,-0.097246,-0.61097,0.15628,-0.78425
0,2.1234,-0.24795,-0.6709,-0.4075,-0.88167
0,2.1234,-0.24648,-0.67638,-0.4075,-0.88924
0,-0.73194,-0.11077,-0.49036,0.15628,0.18993
0,-0.49832,1.775,0.8308,1.4851,0.18993
0,-0.67137,-0.12385,0.24145,-0.22337,0.18993
0,-0.63676,0.062834,-0.66019,0.15628,-0.78425
0,-0.73194,0.062834,-0.65533,0.15628,-0.78425
0,2.4695,-0.22309,-0.60806,-0.22337,-0.78425
0,-0.07435,-0.23122,-0.60537,-0.35625,-0.86002
0,-0.62811,-0.12017,0.20526,-0.22337,0.18993
0,-0.67137,-0.19239,-0.030819,-0.22337,0.18993
0,-0.37719,-0.13344,-0.18749,-0.22337,0.18993
0,-0.73194,-0.014491,0.47146,0.15628,0.18993
0,-0.22144,0.07789,2.2479,1.4851,2.3548
0,-0.73194,-0.13339,0.31704,0.15628,0.18993
0,0.15927,0.050576,-0.63672,0.15628,-0.56776
0,-0.43776,-0.22278,-0.62448,-0.35625,-0.86002
0,-0.5762,0.031087,-0.58679,0.15628,-0.78425
0,-0.73194,-0.10032,-0.65913,0.15628,-0.78425
0,-0.73194,-0.16577,-0.26953,-0.22337,0.18993
0,2.4262,-0.25031,-0.68241,-0.4075,-0.88924
0,-0.64542,0.070491,2.7182,0.15628,2.3548
0,1.7859,-0.20246,-0.53086,-0.22337,-0.78425
0,0.21984,-0.15091,0.12878,-0.22337,0.18993
0,-0.07435,-0.24636,-0.65356,-0.39422,-0.86002
0,-0.63676,-0.048111,-0.62972,0.15628,-0.86002
0,-0.61946,0.39174,2.6816,0.15628,2.3548
0,-0.65407,-0.24499,-0.61381,-0.39422,-0.78425
0,-0.73194,-0.14184,-0.50812,-0.22337,0.18993
0,-0.64542,0.23084,-0.62186,0.15628,-0.86002
0,1.0764,0.042899,-0.63672,0.15628,-0.56776
0,-0.23875,-0.20861,-0.62234,-0.35625,-0.86002
0,-0.73194,-0.18672,0.1387,-0.22337,0.18993
0,-0.5762,-0.10235,1.1262,-0.22337,0.18993
0,-0.73194,-0.077498,0.83066,-0.22337,0.18993
0,0.10735,-0.074939,1.0678,0.15628,0.18993
0,-0.72329,-0.17833,-0.57236,-0.22337,0.18993
0,-0.27336,-0.16256,-0.29378,-0.22337,0.18993
0,-0.73194,0.062834,-0.67716,0.15628,-0.88167
0,-0.2301,-0.19239,-0.075553,-0.22337,0.18993
0,-0.68868,0.050576,-0.6171,0.15628,-0.78425
0,-0.73194,-0.15715,0.14481,0.15628,0.18993
0,-0.69733,0.21496,-0.3069,0.15628,0.18993
0,1.1803,-0.18675,-0.68435,-0.22337,0.18993
0,-0.35123,-0.15028,-0.57918,-0.22337,0.18993
0,-0.73194,0.36931,-0.59754,0.15628,2.3548
0,-0.048392,-0.06067,1.4911,0.15628,2.3548
0,-0.73194,0.08601,-0.66397,0.15628,-0.86002
0,-0.23875,-0.19239,-0.67222,-0.22337,-0.88167
0,-0.71464,-0.082029,1.1522,0.15628,0.18993
0,-0.057045,-0.25182,-0.67776,-0.39422,-0.88924
0,0.74764,0.050491,2.7182,0.15628,2.3548
0,-0.73194,-0.16577,0.14481,0.15628,0.18993
0,1.0764,0.36245,-0.60446,0.15628,-0.86002
0,1.5523,-0.10815,-0.66809,-0.22337,-0.78425
0,1.5523,-0.19239,-0.0092725,-0.22337,0.18993
0,-0.23875,-0.1622,-0.67466,-0.22337,-0.88167
0,-0.28201,-0.18512,0.094648,-0.22337,0.18993
0,-0.67137,-0.18106,-0.44178,0.15628,0.18993
0,0.69572,-0.11318,-0.31449,-0.22337,0.18993
0,2.4262,0.15037,-0.65168,1.4851,-0.86002
0,2.1234,0.22641,-0.67028,0.15628,-0.88167
0,-0.50698,-0.2497,-0.65594,-0.39422,-0.78425
0,-0.73194,-0.11799,0.7424,-0.22337,0.18993
0,0.63516,-0.10694,-0.61952,-0.22337,-0.78425
0,2.4262,0.2975,3.3813,0.15628,2.3548
0,-0.69733,-0.01776,0.14033,0.15628,0.18993
0,0.74764,0.081856,1.7659,0.15628,2.3548
0,2.4695,-0.043726,1.5838,0.15628,2.3548
0,-0.73194,-0.054661,1.4905,-0.22337,0.18993
0,-0.70598,-0.13104,0.12567,-0.22337,0.18993
0,-0.67137,-0.24971,-0.65594,-0.39422,-0.78425
0,3.2396,-0.11304,-0.2871,-0.22337,0.18993
0,-0.10896,-0.10815,-0.16636,-0.22337,-0.56776
0,0.54863,-0.20382,-0.05934,-0.22337,-0.56776
0,-0.35123,-0.19526,-0.16795,-0.22337,0.18993
0,0.39289,-0.10235,1.1304,-0.22337,0.18993
0,-0.70598,-0.24698,-0.64948,-0.39422,-0.86002
0,-0.68003,-0.19919,-0.46936,-0.22337,0.18993
0,-0.68868,-0.099444,1.2612,-0.22337,0.18993
0,-0.66272,-0.15715,-0.26953,-0.22337,0.18993
0,-0.47237,-0.072666,-0.67535,-0.22337,-0.86002
0,-0.15222,-0.1098,0.34705,-0.22337,0.18993
0,1.8205,-0.24877,-0.6478,-0.39422,-0.86002
0,-0.73194,0.32704,-0.60599,0.15628,-0.86002
0,5.9305,0.36793,-0.636,0.15628,2.3548
0,-0.67137,-0.15184,0.13299,-0.22337,0.18993
0,-0.60215,-0.11318,-0.21951,-0.22337,0.18993
0,-0.69733,0.1714,0.14033,0.15628,0.18993
0,-0.73194,-0.15184,0.20216,-0.22337,0.18993
0,0.35828,-0.14677,-0.43189,-0.22337,-0.78425
0,3.0665,0.20522,2.1461,0.15628,2.3548
0,0.74764,0.018967,-0.44506,0.15628,0.18993
0,0.92069,0.016445,-0.25701,0.15628,0.18993
0,-0.65407,-0.12552,0.12567,-0.22337,0.18993
0,-0.67137,-0.20793,-0.46936,-0.22337,0.18993
0,-0.73194,-0.25035,-0.6606,-0.39422,-0.88167
0,-0.73194,-0.18693,-0.15639,-0.22337,0.18993
0,-0.65407,-0.11864,0.062093,-0.22337,0.18993
0,0.21984,-0.10815,-0.66859,-0.22337,-0.86002
0,0.15927,-0.24603,-0.60156,-0.22337,0.18993
0,-0.5762,-0.048111,-0.6709,0.15628,-0.88167
0,-0.68003,-0.12398,-0.51699,-0.22337,0.18993
0,1.1803,-0.25096,-0.67935,-0.39422,-0.88167
0,-0.73194,-0.25139,-0.68121,-0.22337,0.18993
0,0.40154,-0.20719,-0.6456,-0.35625,-0.78425
0,-0.56754,-0.10887,-0.5486,-0.22337,0.18993
0,-0.5762,-0.16548,-0.3092,-0.22337,0.18993
0,-0.73194,-0.050378,0.91559,0.15628,0.18993
0,-0.00513,-0.22072,-0.66972,-0.22337,0.18993
0,-0.68868,-0.039567,-0.62383,0.15628,-0.86002
0,2.1234,-0.24934,-0.67683,-0.39422,-0.88167
0,-0.68868,-0.13383,-0.48884,-0.22337,0.18993
0,0.33232,-0.24785,-0.67678,-0.4075,-0.88924
0,-0.19549,-0.18451,0.074214,-0.22337,0.18993
0,-0.5762,-0.17416,-0.1901,-0.22337,0.18993
0,-0.68003,-0.15715,-0.3069,-0.22337,0.18993
0,1.7513,-0.12846,0.089601,-0.22337,0.18993
0,-0.07435,-0.17514,0.048259,-0.22337,0.18993
0,0.28906,-0.13942,0.67359,-0.22337,0.18993
0,0.15927,-0.049063,-0.62329,-0.22337,-0.78425
0,-0.07435,-0.20251,-0.29429,-0.22337,0.18993
0,-0.67137,-0.25043,-0.66055,-0.39422,-0.88167
0,-0.68868,-0.059143,1.4234,0.15628,2.3548
0,-0.47237,-0.0040953,-0.30211,1.4851,-0.56776
0,-0.72329,-0.11077,0.055977,-0.22337,0.18993
0,-0.73194,-0.10955,1.0632,-0.22337,0.18993
0,-0.64542,-0.12183,0.76666,-0.22337,0.18993
0,-0.048392,0.29733,-0.64574,0.15628,-0.78425
0,-0.31662,-0.044848,-0.67757,0.15628,-0.86002
0,-0.07435,0.3119,2.8838,0.15628,2.3548
0,0.072743,-0.058104,-0.68435,-0.22337,0.18993
0,-0.60215,-0.2457,-0.61381,-0.39422,-0.78425
0,-0.22144,0.31546,-0.52242,0.15628,-0.78425
0,3.2396,-0.1564,0.14024,-0.22337,0.18993
0,-0.70598,-0.24812,-0.67134,-0.4075,-0.88167
0,-0.50698,-0.19691,-0.040522,-0.22337,0.18993
0,-0.70598,-0.03112,-0.66846,0.15628,-0.78425
0,-0.68868,-0.20832,-0.38121,-0.22337,0.18993
0,-0.73194,-0.24346,-0.67512,-0.39422,-0.86002
0,-0.27336,-0.084407,0.97502,-0.22337,0.18993
0,0.68707,0.29823,0.87927,0.15628,0.18993
0,-0.73194,-0.20306,-0.29429,-0.22337,0.18993
0,0.21984,-0.19067,-0.14446,-0.22337,0.18993
0,0.072743,0.063067,-0.67787,0.15628,-0.78425
0,-0.63676,-0.12256,-0.58637,0.15628,-0.78425
0,-0.73194,-0.082226,0.97502,-0.22337,0.18993
0,-0.49832,0.10974,-0.49727,0.15628,-0.78425
0,-0.70598,-0.25003,-0.67603,-0.4075,-0.88167
0,-0.73194,-0.17715,0.16731,-0.22337,0.18993
0,-0.68003,-0.073664,-0.49874,-0.22337,0.18993
0,-0.65407,0.33906,1.821,0.15628,2.3548
0,-0.73194,-0.11427,1.064,-0.22337,0.18993
0,-0.63676,-0.18237,0.15968,-0.22337,0.18993
0,-0.67137,-0.20778,-0.66715,-0.35625,-0.88167
0,0.39289,-0.18666,0.076078,-0.22337,0.18993
0,-0.72329,-0.085917,-0.63224,0.15628,-0.86002
0,1.7859,0.26042,1.0387,0.15628,0.18993
0,-0.63676,0.37464,-0.66777,1.4851,-0.86002
0,-0.73194,-0.24162,-0.58637,-0.39422,-0.78425
0,-0.19549,-0.075652,-0.60642,0.15628,-0.78425
0,-0.73194,-0.20191,-0.46936,-0.22337,0.18993
0,0.40154,-0.073935,0.51772,-0.22337,0.18993
0,-0.70598,-0.18092,-0.57236,-0.22337,0.18993
0,0.86012,-0.12474,0.5277,-0.22337,0.18993
0,-0.64542,0.0072836,0.66691,0.15628,0.18993
0,-0.73194,-0.13587,-0.51564,-0.22337,0.18993
0,0.15927,-0.22309,-0.65029,-0.35625,-0.78425
0,2.1234,-0.13607,-0.67435,0.15628,-0.88167
0,-0.43776,0.20723,2.8838,0.15628,2.3548
0,0.47076,0.016259,1.1467,0.15628,0.18993
0,-0.60215,-0.12561,-0.51564,-0.22337,0.18993
0,-0.65407,-0.2239,-0.67846,0.15628,-0.88924
0,0.59189,-0.25228,-0.68141,-0.22337,0.18993
0,-0.61946,-0.2514,-0.67164,-0.39422,-0.78425
0,-0.22144,0.32099,-0.61254,0.15628,-0.78425
0,4.2519,-0.22352,-0.44847,-0.35625,-0.56776
0,1.8465,-0.1828,0.12026,-0.22337,0.18993
0,-0.68868,0.10224,-0.28559,0.15628,0.18993
0,0.11601,-0.21254,-0.66791,-0.35625,-0.86002
0,-0.70598,-0.25049,-0.67142,-0.4075,-0.88167
0,-0.73194,-0.19587,-0.30306,-0.22337,0.18993
0,-0.66272,-0.14875,-0.31449,-0.22337,0.18993
0,0.28906,-0.22072,-0.43719,-0.22337,-0.78425
0,0.21984,-0.079741,0.19961,0.15628,0.18993
0,0.046785,-0.23958,-0.6047,-0.22337,-0.86002
0,-0.62811,-0.1526,0.52665,-0.22337,0.18993
0,0.59189,-0.054194,0.1237,-0.22337,0.18993
0,-0.67137,-0.090796,-0.31449,-0.22337,0.18993
0,-0.68003,-0.11427,-0.42652,-0.22337,-0.78425
0,3.0665,0.39174,-0.27213,0.15628,-0.56776
0,-0.22144,-0.18575,0.00038993,-0.22337,-0.56776
0,-0.73194,-0.15184,0.099009,-0.22337,0.18993
0,-0.64542,-0.11561,-0.23544,-0.22337,0.18993
0,-0.62811,-0.17996,-0.67827,-0.22337,0.18993
0,-0.72329,-0.11841,0.72069,-0.22337,0.18993
0,-0.61946,-0.18678,-0.45383,-0.22337,0.18993
0,-0.73194,-0.22309,-0.68121,-0.22337,0.18993
0,-0.73194,0.31719,1.7051,0.15628,0.18993
0,0.33232,-0.24492,-0.5883,0.15628,2.3548
0,-0.68003,-0.15091,0.099009,-0.22337,0.18993
0,-0.37719,-0.1476,-0.58548,-0.22337,0.18993
0,-0.19549,-0.19698,-0.0092725,-0.22337,0.18993
0,-0.70598,-0.15886,0.43259,-0.22337,0.18993
0,-0.70598,0.1584,-0.6741,0.15628,-0.88167
0,0.21984,-0.2396,-0.53463,-0.22337,0.18993
0,-0.73194,0.17661,3.4367,0.15628,2.3548
0,-0.70598,0.32704,-0.6061,0.15628,-0.86002
0,-0.35123,-0.25148,-0.67376,-0.39422,-0.78425
0,0.35828,-0.15217,0.094648,-0.22337,0.18993
0,-0.73194,-0.16866,-0.24304,-0.22337,0.18993
0,-0.07435,-0.19125,-0.68435,-0.22337,0.18993
0,-0.67137,13.6959,-0.21951,13.8237,0.18993
0,-0.73194,-0.074939,0.43959,0.15628,0.18993
0,-0.65407,-0.15184,0.15819,-0.22337,0.18993
0,-0.19549,0.093853,-0.67164,0.15628,-0.78425
0,-0.5762,-0.13438,-0.0016707,-0.22337,0.18993
0,-0.67137,-0.10494,-0.48585,-0.22337,-0.78425
0,-0.60215,0.33896,-0.65627,0.15628,-0.78425
0,0.59189,-0.12583,0.062093,-0.22337,0.18993
0,-0.28201,-0.13798,0.40637,-0.22337,0.18993
0,0.86012,0.050576,-0.43505,0.15628,-0.56776
0,2.4695,0.073377,3.4407,0.15628,2.3548
0,-0.22144,0.13539,3.3008,0.15628,2.3548
0,2.4695,0.057594,1.5245,0.15628,2.3548
0,-0.19549,-0.248,-0.66948,-0.4075,-0.86002
0,0.35828,-0.19147,-0.13783,-0.22337,0.18993
0,-0.67137,0.094802,-0.21368,0.15628,-0.56776
0,-0.73194,15.0972,1.3327,13.8237,0.18993
0,-0.5762,-0.13401,-0.51564,-0.22337,0.18993
0,-0.5762,-0.21138,-0.53086,-0.22337,-0.78425
0,-0.70598,-0.24256,-0.68059,-0.39422,-0.88924
0,-0.66272,0.17481,-0.67524,0.15628,-0.88167
0,0.33232,-0.25148,-0.67738,-0.39422,-0.88924
0,2.1234,-0.25044,-0.67269,-0.4075,-0.88167
0,1.7859,-0.11237,0.092068,-0.22337,0.18993
0,-0.19549,-0.070157,0.52697,0.15628,0.18993
0,0.33232,0.11617,1.3273,0.15628,2.3548
0,-0.15222,-0.10526,0.49808,-0.22337,0.18993
0,-0.73194,-0.12497,-0.49424,-0.22337,-0.78425
0,-0.61081,0.23084,1.9639,0.15628,2.3548
0,-0.60215,0.065559,3.4285,0.15628,2.3548
0,-0.61081,-0.14954,-0.68104,-0.22337,-0.88924
0,0.072743,-0.23122,-0.62283,-0.35625,-0.86002
0,-0.5762,-0.11643,0.19961,-0.22337,0.18993
0,-0.73194,-0.18542,-0.50118,0.15628,-0.78425
0,-0.37719,15.0972,0.9204,13.8237,0.18993
0,-0.61081,0.34069,-0.50118,0.15628,-0.78425
0,-0.68868,-0.13615,-0.1814,0.15628,2.3548
0,-0.65407,-0.11799,0.64027,-0.22337,0.18993
0,-0.65407,-0.13846,-0.68071,-0.22337,-0.56776
0,-0.70598,0.070205,-0.66928,0.15628,-0.88167
0,-0.27336,-0.14407,-0.58947,-0.22337,0.18993
0,0.27175,-0.17837,0.24153,-0.22337,0.18993
0,-0.68868,-0.18701,-0.44178,0.15628,0.18993
0,-0.64542,-0.10887,-0.44371,-0.22337,-0.78425
0,1.7513,-0.12877,-0.60562,-0.22337,-0.78425
0,-0.62811,-0.16706,0.39964,-0.22337,0.18993
0,0.47076,0.34007,6.633,0.15628,2.3548
0,-0.5935,-0.17964,-0.16795,-0.22337,0.18993
0,0.10735,-0.050213,-0.5486,-0.22337,0.18993
0,1.5696,-0.037951,-0.67542,0.15628,-0.88167
0,1.7513,-0.10387,1.1063,-0.22337,0.18993
0,0.11601,-0.25046,-0.67172,-0.4075,-0.86002
0,-0.07435,-0.2444,-0.58947,-0.22337,0.18993
0,0.68707,0.27335,-0.58637,0.15628,-0.78425
0,-0.27336,-0.19943,-0.10658,-0.22337,0.18993
0,-0.73194,-0.18061,-0.64316,-0.22337,0.18993
0,-0.37719,-0.10566,-0.5486,-0.22337,0.18993
0,-0.73194,-0.13104,0.8759,-0.22337,0.18993
0,-0.61946,-0.24953,-0.65594,-0.39422,-0.78425
0,-0.72329,-0.16452,-0.44506,-0.22337,0.18993
0,-0.73194,-0.19549,-0.28559,-0.22337,0.18993
0,-0.22144,0.26814,4.2921,0.15628,2.3548
0,-0.00513,-0.16833,-0.57918,-0.22337,0.18993
0,0.21984,-0.25139,-0.68419,-0.22337,0.18993
0,0.21984,-0.11679,-0.29378,-0.22337,0.18993
0,-0.68868,-0.25164,-0.676,0.15628,-0.88167
0,0.10735,-0.077189,-0.18749,-0.22337,0.18993
0,-0.60215,-0.13253,-0.64316,0.15628,0.18993
0,-0.67137,-0.082532,0.97502,-0.22337,0.18993
0,-0.68003,0.33896,0.62243,0.15628,2.3548
0,-0.60215,0.025914,-0.43505,0.15628,-0.56776
0,0.69572,-0.12148,-0.48761,-0.22337,0.18993
0,-0.66272,-0.11017,-0.67407,0.15628,-0.88167
0,-0.07435,-0.24388,-0.60156,-0.22337,0.18993
0,1.5696,-0.24648,-0.67644,-0.4075,-0.88924
0,1.5523,-0.090257,0.83066,-0.22337,0.18993
0,-0.67137,-0.18158,-0.68435,-0.22337,0.18993
0,-0.69733,0.32618,-0.6537,0.15628,-0.86002
0,0.86012,0.26042,3.6427,0.15628,2.3548
0,-0.28201,-0.25128,-0.68211,-0.4075,-0.88924
0,-0.71464,0.39174,-0.42715,0.15628,-0.78425
0,-0.50698,0.22791,-0.5883,0.15628,2.3548
0,-0.07435,-0.25148,-0.67546,-0.39422,-0.88167
0,-0.64542,-0.20341,-0.64797,-0.22337,-0.78425
0,-0.53293,-0.10155,-0.46478,0.15628,-0.78425
0,-0.73194,-0.12806,-0.52476,-0.22337,0.18993
0,-0.73194,-0.25188,-0.67683,-0.4113,-0.88167
0,-0.69733,0.10725,-0.57558,0.15628,-0.78425
0,-0.22144,-0.088892,-0.67869,0.15628,-0.86002
0,0.046785,-0.13183,-0.66136,-0.22337,-0.88167
0,1.7513,-0.13133,-0.51699,-0.22337,0.18993
0,1.5696,-0.24983,-0.66952,-0.4075,-0.88167
0,-0.71464,0.39174,-0.65718,0.15628,-0.78425
0,-0.65407,-0.18674,0.048259,-0.22337,0.18993
0,0.39289,-0.2395,-0.51666,-0.22337,0.18993
0,0.86012,-0.12854,-0.62383,-0.22337,-0.86002
0,-0.67137,-0.20326,-0.13783,-0.22337,0.18993
0,-0.00513,-0.10804,-0.43189,-0.22337,-0.78425
0,-0.73194,-0.0040953,-0.65026,1.4851,-0.86002
0,0.046785,-0.25043,-0.65849,-0.39422,-0.78425
0,0.15927,-0.16125,-0.10658,-0.22337,0.18993
0,-0.5762,0.08597,1.6769,0.15628,2.3548
0,0.40154,-0.11811,-0.19923,-0.22337,0.18993
0,-0.73194,13.6959,0.7403,13.8237,0.18993
0,-0.73194,-0.10647,1.0632,-0.22337,0.18993
0,-0.62811,-0.18386,-0.62329,-0.22337,-0.78425
0,2.8156,0.030441,-0.65298,0.15628,-0.86002
0,0.92069,-0.19118,0.092068,-0.22337,0.18993
0,2.8156,-0.19901,-0.67934,-0.22337,-0.88167
0,0.046785,-0.24783,-0.64796,-0.39422,-0.86002
0,2.755,-0.24449,-0.636,0.15628,2.3548
0,-0.73194,-0.25035,-0.66055,-0.39422,-0.88167
0,-0.70598,-0.24966,-0.67454,-0.4075,-0.88167
0,0.28906,-0.19677,-0.16795,-0.22337,0.18993
0,1.1803,-0.17978,-0.47641,-0.22337,0.18993
0,-0.73194,0.2471,-0.6716,0.15628,-0.88167
0,0.74764,0.018967,-0.60562,0.15628,-0.78425
0,0.27175,-0.054194,0.12282,-0.22337,0.18993
0,1.7513,-0.054661,0.14365,-0.22337,0.18993
0,1.0764,0.094469,1.5388,0.15628,2.3548
0,-0.23875,-0.10518,0.83066,-0.22337,0.18993
0,-0.22144,0.39174,-0.56773,0.15628,-0.56776
0,-0.5762,-0.10218,1.2415,-0.22337,0.18993
0,-0.63676,-0.19623,0.0065804,-0.22337,0.18993
0,-0.5762,-0.18006,-0.64316,-0.22337,0.18993
0,-0.27336,-0.169,-0.68118,-0.22337,0.18993
0,-0.5762,-0.097331,0.73692,-0.22337,0.18993
0,-0.2301,-0.084407,0.83066,-0.22337,0.18993
0,0.40154,0.042247,-0.60796,0.15628,-0.78425
0,-0.07435,-0.2479,-0.65029,-0.39422,-0.86002
0,-0.19549,-0.17297,-0.61952,-0.22337,-0.78425
0,-0.73194,0.32704,-0.67643,0.15628,-0.88924
0,-0.03974,-0.23122,-0.60603,-0.35625,-0.86002
0,-0.67137,0.33896,-0.60446,0.15628,-0.86002
0,1.5523,-0.23253,-0.67869,-0.35625,-0.86002
0,-0.73194,-0.051553,-0.67535,-0.22337,-0.86002
0,-0.065697,-0.0035253,0.97779,0.15628,2.3548
0,-0.68868,-0.1327,-0.66726,0.15628,-0.78425
0,0.28906,-0.10804,0.97967,-0.22337,0.18993
0,-0.68868,-0.10998,0.35881,0.15628,0.18993
0,0.47076,0.1936,0.098732,0.15628,2.3548
0,-0.67137,-0.044848,1.8009,0.15628,0.18993
0,-0.73194,-0.20457,-0.62133,-0.35625,-0.78425
0,-0.70598,-0.1905,0.055977,-0.22337,0.18993
