1,94.2644,5.7213,13.3002,4.8245,0.52252
1,94.2644,5.7213,71.9361,5.704,0
1,94.2644,5.7213,50.7388,4.4108,0
1,94.2644,5.7213,52.708,5.0707,0
1,34.5455,5.7213,50.7388,4.4108,0
1,32.3487,5.8289,21.4733,5.4737,89.0149
1,50.7388,4.4108,71.863,6.0977,8.6862
1,77.9473,6.2185,100,4.7576,0
1,71.863,6.0977,100,4.7576,42.4757
1,100,4.7576,100,?,0
1,75.952,6.02,95.8373,6.1495,0
1,89.6301,6.02,95.8373,6.1495,0
1,89.6301,6.02,100,4.9754,0
1,89.6301,6.02,37.003,4.7183,23.3675
1,95.8373,6.1495,14.9799,5.8776,0
1,95.8373,6.1495,100,4.9942,0
1,95.8373,6.1495,37.003,4.7183,25.0455
1,42.7602,5.572,74.2349,5.6906,40.5718
1,42.7602,5.572,0,5.1879,89.0149
1,93.585,6.3864,100,4.9942,0
1,93.585,6.3864,37.003,4.7183,0
1,88.2128,5.4238,16.4479,4.3303,0
1,58.6879,5.4947,39.737,4.8676,0
1,56.3295,5.0757,25.7664,4.4588,11.5734
1,59.0923,5.6938,100,4.5793,6.331
1,80.2234,5.7479,60.4243,?,0
1,80.2234,5.7479,64.3542,5.2369,0
1,0,4.6844,100,5.4257,6.5876
1,100,5.4257,64.3542,5.2369,0
1,89.0181,5.971,68.2,4.5793,0
1,96.8382,5.8702,73.4425,4.5355,7.2327
1,76.9165,5.7189,92.3311,4.7208,0.52252
1,76.9165,5.7189,88.0514,?,0
1,92.3555,5.7189,70.2008,5.8373,0
1,92.3555,5.7189,100,5.8373,0
1,92.3555,5.7189,83.3105,4.662,23.3675
1,92.3555,5.7189,100,4.442,18.4878
1,19.4496,5.6587,7.4919,6.0017,0.64878
1,68.7068,5.7447,83.3105,4.662,25.0455
1,70.2008,5.8373,11.1199,4.7475,0
1,11.1199,4.7475,83.3105,4.662,0
1,100,4.442,88.0514,?,0
1,100,5.6043,100,4.7081,18.4878
1,100,4.8116,99.44,?,0
1,93.2246,6.0797,32.1502,5.745,0
1,99.06,3.7907,35.1191,4.5108,2.7748
1,32.9746,9.9959,44.2006,5.5843,0
1,32.9746,9.9959,73.5993,4.4039,0
1,52.8902,5.1627,33.486,4.9782,25.5059
1,62.0061,5.9034,51.7999,4.6558,42.4757
1,85.2383,5.3846,62.1823,4.5698,23.3675
1,88.7744,5.8738,62.1823,4.5698,25.0455
1,61.5549,5.4097,74.8654,5.7127,40.5718
1,82.5356,5.5174,50.1941,4.3843,0
1,74.8654,5.7127,62.1823,4.5698,42.4757
1,87.6256,5.2191,62.1823,4.5698,100
1,56.6006,5.323,88.5108,4.2281,0
1,49.6133,5.2881,88.5108,4.2281,37.3973
1,49.6133,5.2881,100,5.5061,1.5924
1,100,3.689,82.947,4.5714,2.7748
1,99.735,4.2523,88.5108,4.2281,0
1,59.6473,4.7252,88.5108,4.2281,11.5734
1,88.5108,4.2281,100,4.9645,0
1,100,5.5061,82.947,4.5714,42.4757
1,81.5467,5.8394,100,4.9911,12.6483
1,32.1011,5.8394,55.3655,4.9935,0
1,95.854,5.156,26.6169,5.5673,0
1,44.6487,5.5196,85.8051,5.8718,40.5718
1,100,4.1699,100,4.7053,0.44924
1,67.0734,5.5399,100,6.2007,0
1,70.9022,5.5399,100,6.2007,0
1,100,6.2007,60.3322,4.914,0
1,100,6.2007,66.4665,4.6654,25.0455
1,36.6004,9.0369,100,4.9074,0
1,36.6004,9.0369,69.8984,4.7046,0
1,91.0283,5.6839,69.8984,4.7046,23.3675
1,91.0283,5.6839,75.1778,4.7046,6.331
1,100,4.7552,100,4.9074,0
1,90.3033,5.0961,99.4797,5.8213,6.5876
1,99.4797,5.8213,82.7657,?,0
1,69.8984,4.7046,82.7657,?,0
1,58.4704,7.1741,38.4003,5.3928,0
1,38.4003,5.3928,24.7627,?,0
1,34.1607,4.6008,23.4054,4.1051,0
1,30.9013,4.9226,51.4754,5.837,6.5876
1,76.9632,5.5579,100,5.1536,12.6483
1,96.3117,5.5579,100,6.1,0
1,96.3117,5.5579,100,3.8581,0.96758
1,96.3117,5.5579,100,4.7063,0
1,96.3117,5.5579,19.2693,4.7285,23.3675
1,100,6.1,29.5267,4.8244,0
1,100,5.1536,29.5267,4.8244,25.5059
1,29.5267,4.8244,19.2693,4.7285,0
1,35.1872,4.571,83.1396,4.9443,0
1,92.4124,6.6816,64.3007,5.921,0
1,100,5.995,91.4616,?,0
1,22.301,4.9111,64.3007,5.921,6.5876
1,82.5581,3.1382,100,4.7072,0
1,100,5.6493,54.6673,3.9113,0.96758
1,97.3918,5.6493,75.6728,4.4577,0
1,97.3918,5.6493,69.8961,4.6092,18.4878
1,100,5.5781,100,5.8013,1.5924
1,100,4.7616,69.8961,4.6092,2.1922
1,11.2118,5.113,100,5.8013,6.5876
1,100,5.3273,100,4.7072,100
1,62.2007,5.6068,77.3568,4.6317,0.52252
1,46.2246,5.6068,39.0366,4.6239,6.331
1,86.3283,5.0317,7.6442,4.8174,0
1,90.3767,5.6207,100,7.2807,0
1,100,5.6207,80.481,5.9967,0
1,80.481,5.9967,72.7633,4.7156,0
1,66.2398,2.9629,49.4678,4.6149,0
1,84.4948,5.6596,14.5313,4.693,0.52252
1,84.4948,5.6596,63.6772,5.9331,0
1,84.4948,5.6596,100,4.7717,12.6483
1,14.5313,4.693,85.5391,4.5318,2.1922
1,9.1,5.7003,71.2437,6.6619,0
1,100,5.7067,64.2753,4.9065,0
1,100,5.7067,49.4678,4.6149,25.0455
1,100,4.7717,84.967,4.0414,11.5734
1,84.967,4.0414,64.2753,4.9065,0
1,97.2309,0,67.3749,0,0
1,100,4.7522,12.1906,5.1777,0
1,100,4.7522,81.1038,4.4451,2.1922
1,100,6.0852,44.3531,?,0
1,100,6.0852,42.2381,4.993,0
1,89.5816,5.7595,65.7236,4.6868,42.4757
1,12.1906,5.1777,65.7236,4.6868,0
1,67.6197,5.8239,31.1383,5.821,0
1,67.6197,5.8239,45.3831,4.9974,0
1,72.1848,5.0181,45.3831,4.9974,25.5059
1,74.209,5.526,45.3831,4.9974,0
1,74.209,5.526,52.9035,4.7075,0
1,63.8042,5.526,45.3831,4.9974,0
1,0,5.6424,83.2063,6.0644,0
1,93.3177,5.2686,34.8026,4.8363,0
1,93.3177,5.2686,26.4878,4.5466,25.0455
1,76.2202,4.5642,8.3007,4.403,2.1922
1,29.7538,5.3857,0,5.7098,40.5718
1,29.7538,5.3857,23.1676,5.2501,89.0149
1,100,5.7386,100,7.4321,0
1,100,5.7386,100,4.9221,12.6483
1,100,5.7386,96.8943,4.5605,0
1,100,5.7386,92.1732,4.6965,23.3675
1,100,5.7386,95.9374,4.5319,18.4878
1,72.9777,6.0717,93.8889,5.4054,0
1,93.8889,5.4054,96.8943,4.5605,7.2327
1,73.4628,5.5177,5.4829,5.7311,40.5718
1,73.4628,5.5177,91.5615,5.1708,89.0149
1,92.5676,5.6874,92.1732,4.6965,0
1,95.9374,4.5319,74.8674,?,0
1,97.001,5.5031,45.8009,4.7622,0.52252
1,97.001,5.5031,100,7.9995,0
1,97.001,5.5031,100,4.4672,0
1,97.001,5.5031,100,5.0551,12.6483
1,41.9146,5.5031,100,4.4672,0
1,41.9146,5.5031,51.1518,4.5023,18.4878
1,45.8009,4.7622,51.1518,4.5023,2.1922
1,49.6072,5.9622,61.3592,6.1274,0
1,49.6072,5.9622,66.7334,?,0
1,20.0968,5.5426,75.7139,5.8181,40.5718
1,100,4.4672,75.7139,5.8181,8.6862
1,100,5.0551,75.7139,5.8181,6.5876
1,100,5.0551,18.9619,4.9407,25.5059
1,100,5.7916,97.3617,3.877,0
1,96.4039,5.7916,96.1984,4.5519,23.3675
1,96.4039,5.7916,77.1945,4.3531,18.4878
1,91.4184,5.8558,97.3617,3.877,0
1,71.4867,5.6816,30.0655,5.8296,0
1,90.5988,5.6857,76.1575,4.8046,38.0865
1,62.2912,5.6534,0,4.788,0
1,15.6006,11.0042,100,5.7162,0
1,100,5.3989,97.6242,5.7272,40.5718
1,100,6.0629,96.2656,5.3349,27.9872
1,97.6242,5.7272,27.1,4.7378,42.4757
1,100,6.2836,53.7719,5.3481,45.563
1,100,6.0442,87.0404,5.7298,0
1,100,6.0442,100,5.3707,27.9872
1,11.1986,5.5619,93.9087,5.8434,40.5718
1,100,5.9009,76.4531,5.4147,27.9872
1,93.9087,5.8434,81.3425,4.7558,42.4757
1,93.9087,5.8434,80.1697,4.5169,4.0282
1,100,5.354,100,5.5803,40.5718
1,100,6.3697,79.3166,5.3824,6.5887
1,100,6.3697,51.5545,5.243,27.9872
1,100,6.5383,27.3995,5.6842,34.4116
1,0,5.5621,27.3995,5.6842,40.5718
1,100,6.2976,59.6963,5.4313,6.5887
1,100,6.2976,16.5908,7.0922,0
1,100,6.2976,18.7357,5.4188,27.9872
1,100,6.2976,9.1466,?,0
1,100,5.5005,27.3995,5.6842,2.4675
1,100,6.3597,79.9405,5.3757,45.563
1,7.1941,5.7205,78.5738,4.5672,0
1,87.0885,5.6016,17.7171,4.6972,42.4757
1,87.0885,5.6016,78.5738,4.5672,4.0282
1,71.9293,5.2873,5.7913,5.5568,40.5718
1,80.639,5.5583,5.7913,5.5568,2.4675
1,50.7633,5.3,100,5.5088,40.5718
1,100,6.2617,57.7289,5.224,0
1,100,6.2617,63.33,4.7319,0
1,100,6.2617,18.7096,?,0
1,100,5.5088,63.33,4.7319,42.4757
1,100,5.5088,61.3167,4.3801,4.0282
1,100,6.0515,100,5.6509,34.4116
1,10.9998,5.4657,100,5.6509,40.5718
1,100,5.9906,87.2743,5.7173,0
1,100,5.9906,29.3005,?,0
1,87.2743,5.7173,100,5.6509,0
1,49.1564,5.8012,46.0723,4.6972,0
1,46.4741,5.9657,93.8388,4.754,0
1,32.6779,?,80.4782,5.2262,0
1,32.6779,?,85.5067,4.4743,0
1,82.2007,5.9675,96.5087,4.7156,59.3511
1,93.853,5.2243,0,5.634,40.5718
1,93.853,5.2243,34.8,5.0831,89.0149
1,12.6757,5.6621,100,7.0504,0
1,19.7665,?,0,4.5399,0
1,82.7997,6.1132,67.3019,5.9644,0
1,100,5.3124,0,5.79,40.5718
1,100,5.3124,0,5.2171,89.0149
1,100,5.3622,77.3614,7.6846,0
1,91.2256,5.7215,84.8639,5.6758,0
1,63.2504,5.8005,84.8639,5.6758,0
1,84.8639,5.6758,68.6087,?,0
1,84.8639,5.6758,85.0403,4.8724,5.9286
1,86.5358,?,85.3293,4.8475,0
1,89.3604,6.5165,82.3006,6.1719,0
1,100,5.3407,69.3784,4.9767,89.0149
1,62.1217,6.0192,91.2177,7.3612,0
1,100,?,14.2195,?,0
1,95.4975,?,100,7.8102,0
1,95.4975,?,100,5.1405,0
1,74.0006,5.9807,5.1004,4.7041,59.3511
1,65.0632,5.7811,0,6.122,0
1,93.5433,5.4484,81.1219,5.2218,89.0149
1,67.1536,5.8986,35.65,7.1564,0
1,0,6.122,69.6545,4.6807,0
1,0,6.122,67.9212,4.387,0
1,98.382,?,14.3876,?,0
1,86.8765,0,100,0,0
1,91.5058,?,100,0,0
1,100,?,100,0,0
1,100,0,100,0,0
1,100,0,93.1593,0,0
1,100,0,22.4193,0,0
1,73.5495,0,93.1593,0,0
1,93.1593,0,73.8121,?,0
1,93.2768,?,84.0398,4.4531,0
1,91.0178,5.9899,100,6.8557,0
1,100,6.8557,100,4.2503,0
1,96.5999,5.8691,84.0398,4.4531,0
1,77.4845,5.6508,78.2239,5.2722,89.0149
1,94.563,3.6011,58.2797,4.52,0
1,94.9712,5.4231,100,7.6553,0
1,92.7107,?,100,7.6553,0
1,100,?,74.9536,7.2027,0
1,82.8069,6.2127,89.4286,6.241,24.8013
1,85.5482,6.1559,90.5382,6.1632,0
1,84.2211,5.2921,58.9027,5.1173,89.0149
1,100,7.6553,92.756,4.1866,0
1,68.2462,5.8688,90.5382,6.1632,0
1,90.5382,6.1632,60.6086,4.5099,0
1,90.5382,6.1632,64.4671,4.8428,5.9286
1,100,4.2317,64.4671,4.8428,41.7186
1,100,?,7.7999,?,0
1,100,?,99.6222,4.5073,0
1,83.4194,?,95.6694,4.9875,0
1,83.4194,?,100,4.3112,0
1,100,7.5058,100,4.6739,0
1,100,6.1335,100,4.6739,0
1,96.1255,?,5.9918,?,0
1,94.1419,8.9581,100,4.6576,0
1,59.0677,5.8636,100,5.7899,24.8013
1,85.2243,5.7772,100,5.7899,54.9437
1,85.2243,5.7772,93.7008,5.751,0
1,92.3023,5.8791,81.5871,6.0708,0
1,73.1146,5.5688,0,5.7818,40.5718
1,89.1031,7.6484,83.9013,4.2743,0
1,100,5.9774,81.5871,6.0708,0
1,100,?,50.2404,?,0
1,100,5.5694,100,8.588,0
1,92.6883,?,100,4.6193,0
1,100,5.3556,16.4146,5.7731,40.5718
1,100,5.3556,74.3092,5.2686,89.0149
1,100,8.588,100,4.7493,0
1,100,6.3603,70.5249,5.9642,0
1,87.7049,?,28.6093,?,0
1,100,5.3509,100,6.8698,0
1,100,?,100,4.6367,0
1,91.0607,?,100,5.1322,0
1,91.0607,?,87.0778,4.5221,0
1,91.0607,?,100,7.0004,0
1,79.5395,6.2154,100,6.8698,0
1,86.0662,5.8518,100,6.2728,54.9437
1,100,5.3868,14.8749,5.8067,0.81179
1,100,6.8698,84.1147,4.8433,0
1,100,6.8698,100,4.9441,0
1,98.9074,6.0067,87.0778,4.5221,0
1,98.9074,6.0067,88.5104,?,0
1,98.9074,6.0067,99.6285,6.0317,0
1,48.4145,5.9824,100,6.3645,54.9437
1,48.4145,5.9824,85.7973,6.1974,0
1,52.7561,5.7897,51.3192,6.4346,0
1,88.6956,?,100,7.1228,0
1,88.6956,?,100,5.1816,0
1,76.7632,?,100,5.1816,0
1,100,5.4475,90.2792,6.0879,0
1,79.2912,5.9001,100,7.2455,0
1,90.2792,6.0879,54.4642,?,0
1,71.386,?,100,7.5187,0
1,100,5.989,92.8967,5.9893,0
1,100,5.3738,51.4015,5.5815,40.5718
1,100,5.3738,94.3658,5.0935,89.0149
1,81.8013,?,100,7.4201,0
1,81.8013,?,100,5.0344,0
1,80.7711,?,100,5.0344,0
1,81.9981,5.9798,24.5015,5.7982,54.9437
1,81.9981,5.9798,12.803,5.8151,0
1,17.1838,5.6262,79.3092,6.2301,0
1,79.3092,6.2301,26.2082,4.9247,5.9286
1,68.0886,?,32.2984,?,0
1,17.9925,5.3846,0,5.063,89.0149
1,39.5005,5.9696,51.2565,7.3558,0
1,73.9287,4.6336,29.7512,4.8026,0
1,73.9287,4.6336,37.2724,4.1423,0
1,60.0206,5.8305,0,4.4361,0
1,100,?,0,?,0
1,96.4853,5.5758,100,7.4468,0
1,96.4853,5.5758,100,4.7817,59.3511
1,89.938,5.1633,70.4588,6.1351,54.9437
1,89.938,5.1633,38.002,6.2308,0
1,100,7.4468,97.0253,4.4989,0
1,73.6106,5.6902,91.6729,5.8609,0
1,91.6729,5.8609,100,4.7817,5.9286
1,100,?,24.6862,?,0
1,88.141,?,100,5.2745,0
1,100,?,100,4.4623,0
1,100,?,100,6.6611,0
1,96.5042,5.975,100,6.0418,0
1,15.0029,5.6384,26.5077,5.9031,40.5718
1,15.0029,5.6384,0,5.2761,89.0149
1,100,6.0418,83.6507,5.0187,5.9286
1,82.2474,?,100,4.5767,0
1,77.7776,?,100,5.0403,0
1,88.1092,6.1633,89.7273,6.1734,24.8013
1,88.1092,6.1633,52.7882,4.8734,59.3511
1,87.7643,6.1555,100,6.1129,0
1,67.1378,6.2605,100,4.8182,0
1,67.1378,6.2605,100,6.1129,0
1,91.8488,5.7554,93.0664,4.6303,42.4757
1,63.7074,3.1666,16.0629,5.6406,0
1,63.7074,3.1666,5.7648,4.645,0
1,63.7074,3.1666,17.3273,4.457,0
1,85.0182,5.6406,17.3273,4.457,18.4878
1,81.5737,4.6579,17.3273,4.457,2.1922
1,100,5.8504,100,5.8482,0.27924
1,100,5.8504,68.1935,?,0
1,95.3139,4.3148,100,5.8482,8.6862
1,100,5.8482,68.4022,4.9888,0
1,88.0283,6.6809,100,6.0806,0
1,100,6.0647,100,6.0806,28.1392
1,100,6.0647,22.52,?,0
1,96.2807,5.2482,12.9002,5.3072,25.5059
1,53.4377,5.9243,95.8506,4.6426,42.4757
1,100,5.439,98.936,4.9226,12.6483
1,100,5.439,56.1348,4.7546,0
1,98.3739,5.9037,100,?,0
1,100,11.1921,99.7579,5.7207,0
1,99.7579,5.7207,100,5.1134,38.0865
1,99.7579,5.7207,100,?,0
1,100,5.4086,100,4.5989,0
1,100,4.5989,100,?,0
1,81.4901,5.5672,86.629,4.7707,0
1,25.05,6.0535,66.5995,5.6928,28.1392
1,82.9654,8.8814,87.8777,4.5189,0
1,82.9654,8.8814,56.0836,?,0
1,66.5995,5.6928,67.5999,4.7876,0
1,67.5999,4.7876,56.0836,?,0
1,64.0476,5.4845,74.2728,5.2868,12.6483
1,85.0979,5.6643,75.0136,5.9529,28.1392
1,74.2728,5.2868,54.2583,5.826,6.5876
1,54.2583,5.826,100,4.6646,42.4757
1,100,5.3967,78.6154,5.4631,0
1,100,4.8711,97.7537,4.265,11.5734
1,78.8606,5.804,51.7009,5.0562,38.0865
1,18.3392,4.5944,100,?,0
1,90.3681,6.064,100,3.9757,31.3746
1,68.4186,4.9544,100,3.9757,11.5734
1,100,3.9757,100,4.5435,0
1,100,3.9757,67.5696,4.7116,0.44924
1,100,6.185,78.3513,5.8322,0.27924
1,100,6.185,78.4069,?,0
1,100,6.185,100,4.062,2.4121
1,82.7281,5.1593,78.3513,5.8322,6.5876
1,0,6.5842,89.7027,5.9777,0
1,89.7027,5.9777,98.88,6.6434,0
1,89.7027,5.9777,33.171,5.2703,0
1,12.379,5.8301,89.245,5.057,38.0865
1,12.379,5.8301,92.9829,4.6435,42.4757
1,100,5.2809,55.3376,5.1691,2.3613
1,100,5.2809,35.4138,4.3351,0
1,95.0173,5.9993,100,6.4042,0
1,95.0173,5.9993,34.4945,4.9602,0
1,91.1032,6.7156,98.107,5.7905,0
1,91.1032,6.7156,58.2032,6.3665,0
1,98.107,5.7905,71.2513,?,0
1,58.2032,6.3665,34.7619,4.5059,0
1,43.3945,5.2694,39.8738,5.8267,6.5876
1,39.8738,5.8267,100,4.6143,42.4757
1,85.3994,4.9668,100,4.6143,0
0,88.9396,5.9456,99.6222,4.5073,0
0,43.0004,5.7909,54.0668,4.7988,38.0865
0,76.5262,5.9163,100,5.5803,0
0,23.3533,5.9218,86.3283,5.0317,38.0865
0,100,?,100,6.8698,0
0,100,5.6043,56.3067,?,0
0,100,5.5781,100,5.9688,0.64878
0,50.2007,0,93.4968,0,0
0,84.8647,7.9784,90.0533,6.9172,0
0,56.6006,5.323,52.9608,4.5993,0.52252
0,31.0086,5.5512,8.3007,4.403,18.4878
0,9.0045,5.8314,68.9086,4.0765,7.2327
0,100,5.6696,100,5.0502,0
0,47.1705,5.6596,49.4678,4.6149,23.3675
0,73.2938,6.2024,92.0126,6.1873,0
0,66.7387,5.3481,64.2753,4.9065,0
0,25.1172,5.5516,100,4.7522,0.52252
0,76.9165,5.7189,92.3555,5.7189,29.2061
0,88.1009,5.5174,96.1349,3.976,0
0,99.925,3.1825,100,5.6043,0
0,100,6.9582,94.8038,5.3054,0
0,53.4377,5.9243,12.9002,5.3072,38.0865
0,100,6.1733,25.6093,7.199,0
0,100,5.6043,100,4.8116,23.3675
0,86.4107,?,100,4.5634,0
0,80.5237,4.1942,14.6002,?,0
0,90.04,4.1152,100,4.9068,0
0,58.6879,5.4947,56.3295,5.0757,12.6483
0,94.3032,4.532,87.7027,4.8077,0
0,100,6.5368,100,6.0852,0
0,21.2775,5.5512,24.2131,4.5591,0
0,82.2007,5.9675,92.793,5.9705,24.8013
0,24.5998,4.8024,13.3603,4.0102,0
0,100,5.2306,100,6.8698,0
0,100,4.9645,82.947,4.5714,0
0,14.6904,5.4336,100,5.5061,0.27924
0,25.2277,5.4475,91.4801,5.5658,40.5718
0,88.2128,5.4238,65.5301,?,0
0,100,5.9103,100,6.8557,0
0,64.3007,5.921,20.5395,4.5065,42.4757
0,27.6824,5.8904,33.0489,6.4543,0
0,82.7281,5.1593,59.4668,6.0372,5.4148
0,74.0006,5.9807,19.9011,6.3319,24.8013
0,92.9534,8.8673,100,4.4561,0
0,97.001,5.5031,37.501,5.0285,0
0,100,4.5976,85.7515,4.2577,2.1922
0,80.6043,6.3164,90.5382,6.1632,0
0,24.1548,6.2185,97.8276,3.9182,0
0,91.8488,5.7554,78.2547,4.3763,4.0282
0,5.1845,4.8002,54.0668,4.7988,0
0,100,4.7081,99.9001,6.3237,0
0,96.1349,3.976,28.8949,5.4104,0
0,100,4.2599,96.2115,5.1412,0
0,0,10.5501,52.816,5.6248,0
0,95.6624,3.8219,62.1823,4.5698,2.7748
0,100,4.7473,100,4.8727,8.0262
0,100,6.0647,92.611,4.1474,31.3746
0,62.0775,6.4656,44.6496,5.9256,0
0,88.9464,5.9325,18.5999,6.2756,0
0,100,4.0175,0,4.664,0.44924
0,67.9409,6.057,74.6505,6.0148,0
0,63.3953,4.4417,84.967,4.0414,0
0,88.0283,6.6809,100,6.0647,0
0,82.5581,3.1382,100,5.9688,0
0,100,5.2177,57.0935,4.9537,89.0149
0,82.7719,5.7162,87.0146,4.3576,0
0,98.0987,5.0756,98.7303,5.0398,25.5059
0,93.6202,?,0,5.1022,0
0,86.8629,6.9243,68.9243,6.2977,0
0,15.2156,5.4186,92.1998,5.2833,0
0,100,5.4082,100,5.7181,40.5718
0,53.4377,5.9243,22.52,?,0
0,92.8746,5.9161,98.9074,6.0067,0
0,100,5.9665,83.0059,6.1017,0
0,91.9966,6.3893,99.7579,5.7207,0
0,31.0086,5.5512,81.761,5.1592,0
0,85.7515,4.2577,46.3245,5.0265,0
0,12.2304,5.6491,100,5.4257,1.5924
0,100,5.995,92.1589,6.2887,0
0,56.6006,5.323,48.0788,4.7501,0
0,100,4.7081,100,4.8372,0
0,92.8967,5.9893,100,4.5443,0
0,26.1546,10.7671,100,4.6143,0
0,88.9464,5.9325,0,4.8644,0
0,51.7579,5.8924,100,6.1335,0
0,96.5044,5.6938,100,?,0
0,100,4.5671,46.3245,5.0265,0
0,86.9163,6.6326,89.5816,5.7595,0
0,82.3006,6.1719,100,7.537,0
0,93.2665,7.53,80.0196,4.953,0
0,19.3337,5.9805,12.4747,4.727,0
0,49.8312,5.7617,58.4559,4.2141,7.2327
0,75.16,6.3937,100,4.9645,0
0,82.5581,3.1382,100,5.6493,0
0,50.3885,5.2286,23.3533,5.9218,6.5876
0,29.1247,5.3928,27.6824,5.8904,5.7354
0,0,5.5458,99.36,5.0967,0
0,100,4.4596,24.0851,4.8302,41.7186
0,98.2737,5.6839,75.1778,4.7046,0.53812
0,100,4.9221,5.4829,5.7311,6.5876
0,95.4817,5.5321,96.5999,5.8691,0
0,93.7008,5.751,100,4.6576,0
0,100,5.7386,100,4.7622,6.4793
0,100,5.6043,100,5.1465,0
0,10.8201,6.2535,79.7984,?,0
0,76.5294,5.4238,100,4.5976,6.4793
0,5.4829,5.7311,97.3706,5.1501,0
0,98.2692,4.5557,88.0705,4.84,0
0,59.7976,10.9917,95.9402,5.4082,0
0,90.2792,6.0879,100,4.7021,5.9286
0,21.9007,9.0816,20.4051,4.2232,0
0,94.2644,5.7213,77.1929,3.7763,0.96758
0,89.0336,5.6237,83.9986,3.6687,0.96758
0,62.5987,4.1989,92.1589,6.2887,0
0,77.3568,4.6317,86.3283,5.0317,0
0,94.4011,5.4417,100,7.1228,0
0,78.0475,3.1231,96.1542,4.4712,0
0,0,5.6424,59.6786,4.3423,0
0,12.2304,5.6491,100,3.9209,37.3973
0,100,4.4815,52.7882,4.8734,41.7186
0,41.9146,5.5031,45.8009,4.7622,6.4793
0,15.0298,5.3325,68.9261,?,0
0,38.6416,5.6442,81.0235,4.811,12.6483
0,71.863,6.0977,27.4,5.9664,0
0,86.2794,5.6116,100,4.1577,0
0,78.0475,3.1231,50.1941,4.3843,0
0,100,6.2976,16.7814,4.5249,0
0,68.9086,4.0765,66.1969,5.7035,8.6862
0,100,4.1577,90.4052,4.5916,0.44924
0,95.6431,3.3729,11.1199,4.7475,0
0,31.0086,5.5512,24.2131,4.5591,0
0,0,4.9581,100,4.0924,11.5734
0,0,5.4555,0,5.6546,0
0,68.1104,4.8511,65.6004,4.7941,8.0262
0,100,5.354,100,5.5803,0.81179
0,100,4.9068,100,?,0
0,58.6879,5.4947,29.8425,4.5631,0.53812
0,0,4.6844,100,3.9209,11.5734
0,88.101,4.644,50.1941,4.3843,0
0,87.7002,4.7284,88.5408,4.9376,8.0262
0,92.302,5.6413,12.7998,4.3854,0
0,28.8404,5.5588,90.0108,5.6373,40.5718
0,88.1009,5.5174,74.8654,5.7127,0
0,5.7913,5.5568,89.8651,5.1847,0.025774
0,0,5.6823,100,4.6111,0
0,100,5.989,100,6.088,54.9437
0,99.5978,5.7883,91.4543,5.9582,0.27924
0,76.9165,5.7189,87.5023,5.117,0
0,100,5.1111,23.1125,5.4339,0
0,100,5.6043,100,4.8116,6.331
0,78.8334,6.899,82.8327,4.932,0
0,42.667,6.8521,71.9048,6.0416,0
0,100,4.9836,92.5997,4.6721,8.0262
0,100,4.062,41.4041,4.6616,0.44924
0,63.6772,5.9331,64.2753,4.9065,0
0,76.5294,5.4238,100,5.5648,0
0,83.1396,4.9443,29.7517,?,0
0,100,6.0702,90.1735,5.7959,0
0,100,5.7386,50.4502,5.5904,0.99676
0,8.8251,5.5496,100,4.8116,34.0327
0,65.3654,5.7869,50.826,6.9491,0
0,92.9829,4.6435,98.96,?,0
0,50.5357,4.6239,15.6002,?,0
0,96.4039,5.7916,74.7693,4.5519,6.331
0,99.5978,5.7883,83.8018,5.9998,28.1392
0,94.2644,5.7213,34.5455,5.7213,29.2061
0,69.8961,4.6092,100,?,0
0,82.6195,?,24.7025,4.8026,0
0,49.0476,3.8767,98.7029,5.0567,0
0,75.2331,5.0503,80.5237,4.1942,11.5734
0,98.2737,5.6839,69.6426,6.1558,0
0,83.1792,5.6733,96.9305,4.6349,0
0,74.2728,5.2868,63.0064,6.9538,1.7458
0,77.6403,5.2338,91.8488,5.7554,0
0,73.4425,4.5355,92.2923,4.2509,0
0,85.5391,4.5318,87.5405,4.9244,0
0,59.4668,6.0372,100,5.0502,0
0,41.9025,5.8614,100,5.4911,0
0,47.8662,6.7897,67.2533,5.7654,0
0,86.9014,3.3124,92.1732,4.6965,0
0,63.3946,5.4233,49.6072,5.9622,0.64878
0,52.1939,3.1454,100,4.3444,0
0,93.9072,9.1212,98.96,?,0
0,89.1031,7.6484,81.8008,4.7778,0
0,14.6904,5.4336,20.1048,5.0095,0
0,100,5.5803,83.3652,5.2306,0.025774
0,100,4.3499,100,4.3499,1.6391
0,56.3005,4.9437,64.3542,5.2369,0
0,82.6007,4.9171,100,7.537,0
0,43.0004,5.7909,0,5.1744,0
0,97.3918,5.6493,100,4.7072,23.3675
0,45.06,5.5724,79.5814,4.3436,0
0,95.9893,4.0704,13.7996,4.8046,0
0,100,6.2652,70.5249,5.9642,0
0,97.001,5.5031,87.2017,3.7563,0.96758
0,99.4337,5.0986,99.9039,4.7992,11.5734
0,51.0313,5.7177,90.1735,5.7959,1.5924
0,81.2037,5.9931,100,4.5989,0
0,59.0677,5.8636,100,4.8315,59.3511
0,45.06,5.5724,43.3945,5.2694,12.6483
0,89.7273,6.1734,84.2519,6.9239,0
0,52.236,5.8442,50.1662,6.4389,0
0,5.3333,5.7511,61.508,7.1384,0
0,85.0182,5.6406,100,5.8504,5.7354
0,100,4.7616,100,4.9068,0
0,16.0629,5.6406,68.1104,4.8511,12.6483
0,100,5.7386,100,4.9062,3.4706
0,92.9829,4.6435,48.7056,5.2703,0
0,100,6.0852,38.6003,4.7714,0
0,98.2287,5.7667,52.9035,4.7075,42.4757
0,51.374,6.3149,8.8682,5.8817,0
0,50.4804,5.6077,100,4.7576,34.0327
0,86.9163,6.6326,12.1906,5.1777,0
0,87.0778,4.5221,60.7961,4.9905,41.7186
0,38.4003,5.3928,29.1247,5.3928,29.2061
0,86.8188,5.3846,96.1349,3.976,0
0,92.8967,5.9893,0,5.9828,0
0,100,3.1334,80.6529,4.6893,0
0,100,?,95.6694,4.9875,0
0,35.0216,5.8279,89.0807,4.8575,0
0,50.1941,4.3843,87.4013,?,0
0,26.1546,10.7671,39.8738,5.8267,0
0,10.8201,6.2535,81.6832,4.5831,0
0,100,5.7916,100,4.8727,3.4706
0,14.6904,5.4336,99.735,4.2523,7.2327
0,55.0725,5.2807,49.6103,4.5287,34.0327
0,100,5.9906,94.3032,4.532,0
0,97.3918,5.6493,81.3003,4.7072,6.331
0,89.4286,6.241,100,7.6553,0
0,74.342,5.0809,57.9124,5.0847,25.5059
0,97.5509,6.0248,19.2693,4.7285,42.4757
0,93.6202,?,77.3614,7.6846,0
0,100,4.1308,15.6195,4.9094,0
0,97.3554,5.3965,11.8251,5.4937,0.64878
0,100,5.5463,82.947,4.5714,25.0455
0,96.1349,3.976,87.4013,?,0
0,100,7.5058,100,7.2229,0
0,98.107,5.7905,82.1141,6.6396,0
0,75.7894,5.625,24.5015,5.7982,0
0,98.2664,4.149,82.2584,?,0
0,44.2006,5.5843,52.8902,5.1627,12.6483
0,26.4871,5.4922,85.5391,4.5318,0
0,64.5203,3.3107,97.972,4.356,0
0,85.0292,6.0459,16.7858,4.6154,0
0,73.5561,7.9894,67.5652,?,0
0,81.6037,6.2137,100,4.0961,2.4121
0,100,5.5458,86.7051,5.5151,0.99676
0,84.4948,5.6596,63.3953,4.4417,0
0,100,7.8102,100,4.7295,0
0,91.0633,4.0091,99.1998,4.993,0
0,0,4.2715,100,5.0361,0
0,100,7.0548,85.7515,4.2577,0
0,100,5.2809,47.8662,6.7897,0
0,47.1705,5.6596,34.6504,4.6149,6.331
0,7.717,5.9568,100,4.9074,0
0,73.5561,7.9894,100,6.4042,0
0,46.2246,5.6068,68.5705,4.5942,0
0,75.7139,5.8181,100,4.694,42.4757
0,100,3.7757,83.3105,4.662,2.7748
0,100,6.0442,0,5.5879,0
0,83.1792,5.6733,92.2923,4.2509,0
0,35.5908,5.313,9.0045,5.8314,0.64878
0,51.7692,6.0707,12.379,5.8301,0.27924
0,100,5.995,91.4143,4.2298,31.3746
0,100,5.3967,72.8256,6.129,0
0,52.8902,5.1627,7.5954,4.192,11.5734
0,73.178,4.8782,100,4.5671,0
0,80.1579,5.6514,60.3322,4.914,0
0,89.4027,6.6588,70.4588,6.1351,0
0,76.8641,5.7135,100,3.9209,0
0,80.1994,7.341,61.8039,4.6203,0
0,100,5.5061,48.0788,4.7501,0
0,100,4.9836,90.0108,5.6373,6.5876
0,100,5.69,100,4.2927,7.2327
0,81.2011,5.0893,89.1031,7.6484,0
0,0,5.8514,43.0004,5.7909,0
0,100,5.7899,86.8531,7.5258,0
0,86.3283,5.0317,68.1781,?,0
0,83.841,4.5064,12.1906,5.1777,0
0,88.1092,6.1633,84.2519,6.9239,0
0,60.1094,5.698,0,4.6439,42.4757
0,59.0923,5.6938,100,4.6615,6.4793
0,86.8785,4.0755,100,4.8871,0
0,99.7998,6.0804,100,4.9982,0
0,31.0086,5.5512,54.5461,6.1247,0.99676
0,14.7696,5.2604,12.1906,5.1777,0
0,75.7139,5.8181,66.7334,?,0
0,98.7029,5.0567,65.6004,4.7941,0
0,47.309,4.5671,100,4.6512,0.0028857
0,6.5415,5.1279,0,4.2715,10.368
0,100,5.6207,51.0017,3.7907,0.96758
0,66.2324,5.5055,84.5387,6.2041,54.9437
0,11.8251,5.4937,100,4.0924,31.3746
0,85.2383,5.3846,58.4559,4.2141,0
0,51.374,6.3149,66.5995,5.6928,0
0,48.3266,3.2614,23.3533,5.9218,0
0,16.4479,4.3303,45.6085,6.5399,0
0,25.1172,5.5516,38.6003,4.7714,3.4706
0,73.4425,4.5355,69.4433,5.6207,8.6862
0,78.3513,5.8322,78.4069,?,0
0,5.425,?,100,6.5959,0
0,6.0469,4.5943,5.3333,5.7511,8.6862
0,76.8641,5.7135,100,5.4257,0
0,50.1758,5.5818,96.2807,5.2482,12.6483
0,52.1939,3.1454,14.6904,5.4336,0
0,8.8682,5.8817,57.9124,5.0847,38.0865
0,33.486,4.9782,89.0807,4.8575,0
0,100,4.0961,87.2455,4.6463,0.44924
0,100,4.6193,100,4.9928,41.7186
0,100,5.6514,66.4665,4.6654,0
0,83.841,4.5064,80.5237,4.1942,0
0,16.0629,5.6406,79.5832,4.645,0.53812
0,86.9014,3.3124,86.8785,4.0755,0
0,46.7863,6.1822,85.7973,6.1974,0
0,79.2156,5.5619,93.9087,5.8434,0.81179
0,82.6195,?,57.5879,4.2192,0
0,31.0086,5.5512,39.9921,4.5591,0
0,93.3287,5.8733,93.5013,4.8794,0
0,15.8002,5.9106,100,5.9906,0
0,85.5482,6.1559,86.8399,6.2814,0
0,91.5058,?,100,0,0
0,38.8275,4.9887,95.0173,5.9993,5.4148
0,47.1705,5.6596,12.699,3.6054,0.96758
0,100,5.5061,54.1203,6.0419,0
0,25.2592,5.5516,81.1038,4.4451,18.4878
0,72.296,5.6582,73.9064,5.7843,0.81179
0,88.6784,5.3196,8.9997,4.5065,0.53812
0,100,5.9774,81.8008,4.7778,0
0,99.925,3.1825,100,5.7293,0
0,6.2005,6.0017,13.3603,4.0102,2.4121
0,51.4754,5.837,24.3486,?,0
0,49.1517,5.0889,61.7789,7.1473,1.7458
0,84.5143,5.5884,7.4919,6.0017,0
0,88.0932,6.2028,100,4.9068,0
0,34.5455,5.7213,71.9361,5.704,0
0,10.8201,6.2535,81.5313,6.0244,0
0,72.9777,6.0717,5.4829,5.7311,0
0,88.5108,4.2281,54.1203,6.0419,0
0,7.9968,5.6237,71.4867,5.6816,0
0,83.8018,5.9998,91.7581,4.6735,0
0,60.3648,5.5841,50.5357,4.6239,34.0327
0,22.3003,5.4947,17.6956,4.5631,23.3675
0,92.669,4.5725,30.4714,4.293,2.1922
0,100,6.0918,14.2381,5.3418,45.563
0,100,3.2476,94.2644,5.7213,0
0,83.1792,5.6733,69.4433,5.6207,0
0,92.302,5.6413,0,6.5842,0
0,100,6.1551,100,5.5088,34.4116
0,100,4.0924,54.0668,4.7988,0
0,100,5.7293,100,4.8372,0
0,96.8943,4.5605,5.4829,5.7311,8.6862
0,74.8654,5.7127,36.7885,5.0086,0
0,100,5.6043,100,4.8372,0
0,100,4.8711,25.6093,7.199,1.7458
0,26.4871,5.4922,49.4678,4.6149,0
0,14.2002,6.005,0,4.4906,0
0,100,6.1733,52.4007,5.9818,28.1392
0,39.588,6.9861,15.0298,5.3325,0
0,67.7668,6.0629,100,5.7181,34.4116
0,84.4948,5.6596,47.1705,5.6596,29.2061
0,98.7029,5.0567,79.8898,6.2763,0
0,50.1941,4.3843,88.5408,4.9376,0
0,100,5.6493,88.0932,6.2028,0
0,100,5.6696,100,4.062,0
0,92.302,5.6413,33.171,5.2703,0
0,90.2792,6.0879,53.8333,4.6821,0
0,12.0479,6.0101,73.178,4.8782,0
0,98.3832,6.3811,90.1735,5.7959,0
0,0,5.3327,96.1349,3.976,37.3973
0,42.667,6.8521,85.3994,4.9668,0
0,100,3.7757,13.3603,4.0102,0
0,87.2017,3.7563,100,4.694,2.7748
0,60.1094,5.698,100,5.3707,0.025774
0,46.7747,5.9476,100,5.9774,0
0,0,4.6844,100,4.7085,8.0262
0,100,4.1577,90.1587,8.3758,25.8092
0,87.6055,4.621,100,4.8315,41.7186
0,91.0178,5.9899,100,5.9103,24.8013
0,38.4003,5.3928,34.4826,4.8111,3.4706
0,100,5.0361,91.7581,4.6735,0
0,100,5.3196,5.9,5.3177,0
0,100,6.8557,100,6.8495,0
0,86.6206,5.0306,16.4479,4.3303,11.5734
0,80.2018,?,84.5809,?,0
0,100,4.0961,81.4049,3.8475,0
0,91.501,5.2148,27.3995,5.6842,0
0,86.5358,?,72.7632,4.3961,0
0,41.9146,5.5031,49.6072,5.9622,5.7354
0,78.4102,5.9807,0,6.0829,0
0,99.4797,5.8213,61.7562,6.3875,0
0,48.3266,3.2614,28.5293,4.3369,0
0,51.7851,5.4615,87.0885,5.6016,0.81179
0,100,6.8539,61.1019,5.0746,0
0,91.9966,6.3893,98.3739,5.9037,0
0,90.7106,4.9487,77.3614,7.6846,0
0,62.2007,5.6068,68.5705,4.5942,0
0,91.0633,4.0091,98.5997,3.7306,0
0,100,5.4257,99.7912,5.0659,0
0,95.4975,?,100,4.2986,0
0,64.2753,4.9065,71.2437,6.6619,0
0,98.7303,5.0398,10.3501,?,0
0,23.25,4.6594,50.826,6.9491,0
0,100,5.6696,82.7281,5.1593,12.6483
0,20.5395,4.5065,15.9002,4.786,0
0,49.1517,5.0889,89.245,5.057,25.5059
0,100,4.8711,52.4007,5.9818,5.4148
0,86.2794,5.6116,100,7.537,0
0,30.8003,4.5576,89.5816,5.7595,8.6862
0,30.4714,4.293,7.2297,7.1748,0
0,100,6.2609,98.9074,6.0067,0
0,66.2324,5.5055,7.86,6.0309,0
