1,1.7859,-0.097216,-0.51699,-0.22337,0.18993
1,-0.69733,-0.15218,-0.51699,-0.22337,0.18993
1,-0.5762,-0.11684,-0.51699,-0.22337,0.18993
1,-0.15222,-0.12466,-0.51699,-0.22337,0.18993
1,-0.5762,-0.11684,-0.53463,-0.22337,0.18993
1,0.54863,0.22385,0.5541,0.15628,0.18993
1,0.35828,-0.11684,-0.48761,-0.22337,0.18993
1,0.63516,-0.15902,0.50215,0.15628,0.18993
1,1.5523,-0.15902,-0.48761,0.15628,0.18993
1,-0.71464,-0.12419,0.52697,0.15628,0.18993
1,-0.69733,-0.12801,0.31704,0.15628,0.18993
1,-0.69733,-0.12801,-0.12576,0.15628,0.18993
1,-0.5762,-0.18566,-0.12576,-0.22337,0.18993
1,1.7513,-0.20941,-0.60806,-0.22337,-0.78425
1,-0.35123,-0.12801,0.55962,0.15628,2.3548
1,-0.67137,-0.10998,0.9288,0.15628,2.3548
1,0.76494,-0.12801,-0.60806,0.15628,-0.78425
1,-0.22144,-0.21312,-0.65445,-0.22337,-0.56776
1,0.54863,-0.094957,-0.17387,0.15628,-0.56776
1,-0.68868,-0.10998,-0.17669,0.15628,0.18993
1,0.63516,-0.21334,-0.60806,-0.22337,-0.78425
1,0.15927,-0.052977,0.79651,-0.22337,0.18993
1,-0.15222,-0.11439,0.74407,-0.22337,0.18993
1,0.59189,0.065559,-0.68071,0.15628,-0.56776
1,1.7513,-0.19539,-0.00067683,-0.22337,0.18993
1,-0.72329,-0.18941,-0.44317,-0.22337,-0.78425
1,-0.73194,-0.20191,-0.44317,-0.22337,-0.78425
1,0.69572,-0.19623,-0.13783,-0.22337,0.18993
1,-0.73194,-0.20191,-0.13783,-0.22337,0.18993
1,-0.19549,-0.064809,0.85491,-0.22337,0.18993
1,-0.5935,-0.15739,-0.57918,-0.22337,0.18993
1,1.7859,-0.079741,0.25442,0.15628,0.18993
1,-0.73194,-0.079741,0.24733,0.15628,0.18993
1,-0.72329,-0.18245,0.19961,-0.22337,0.18993
1,-0.72329,-0.18429,0.18562,-0.22337,0.18993
1,1.7513,-0.034052,0.19961,0.15628,0.18993
1,0.92069,-0.13099,0.19961,-0.22337,0.18993
1,0.28906,-0.18001,0.048259,-0.22337,0.18993
1,0.76494,-0.034052,1.5148,0.15628,2.3548
1,-0.68868,-0.18245,-0.64316,-0.22337,0.18993
1,0.39289,-0.034052,-0.64316,0.15628,0.18993
1,-0.73194,-0.13099,0.24733,-0.22337,0.18993
1,0.92069,-0.22309,-0.43719,-0.22337,-0.78425
1,-0.71464,-0.24644,-0.66877,-0.22337,0.18993
1,2.1234,0.30394,-0.61675,0.15628,-0.78425
1,2.4695,-0.24028,-0.60589,0.15628,2.3548
1,-0.68003,-0.11973,0.089601,-0.22337,0.18993
1,-0.56754,-0.11973,0.11032,-0.22337,0.18993
1,-0.60215,-0.12092,0.076078,-0.22337,0.18993
1,1.5523,-0.18666,-0.48585,-0.22337,-0.78425
1,1.7513,-0.14822,-0.51666,-0.22337,0.18993
1,0.76494,-0.15777,-0.51666,-0.22337,0.18993
1,-0.22144,-0.20571,-0.50601,-0.22337,-0.56776
1,-0.68868,-0.16572,-0.51564,-0.22337,0.18993
1,1.5523,-0.23876,-0.51666,-0.22337,0.18993
1,3.0665,-0.050649,-0.51666,0.15628,0.18993
1,0.15927,0.26042,-0.34845,0.15628,0.18993
1,0.21984,-0.1105,-0.34845,-0.22337,0.18993
1,0.21984,-0.1105,-0.42652,-0.22337,-0.78425
1,2.4695,0.012993,-0.27213,0.15628,-0.56776
1,0.27175,-0.10218,-0.34845,-0.22337,0.18993
1,0.59189,0.08147,-0.34845,0.15628,0.18993
1,-0.67137,-0.11427,-0.34845,-0.22337,0.18993
1,1.5523,-0.2207,-0.42652,-0.35625,-0.78425
1,0.86012,-0.22423,-0.32888,-0.22337,0.18993
1,-0.5762,-0.0042751,-0.4792,0.15628,0.18993
1,-0.35123,0.22893,3.1335,0.15628,2.3548
1,-0.22144,-0.21231,-0.24928,-0.22337,-0.56776
1,1.1803,-0.12509,-0.68435,-0.22337,0.18993
1,-0.69733,0.076991,-0.61645,0.15628,-0.78425
1,-0.69733,0.076991,2.7182,0.15628,2.3548
1,-0.67137,0.10908,3.5847,0.15628,2.3548
1,0.76494,0.076991,-0.60822,0.15628,-0.78425
1,-0.73194,-0.15493,-0.56383,-0.22337,0.18993
1,-0.49832,-0.15493,-0.60379,-0.22337,0.18993
1,1.7513,-0.052664,-0.60379,-0.22337,0.18993
1,1.7513,-0.052664,0.17291,-0.22337,0.18993
1,-0.5762,-0.17398,-0.56383,-0.22337,0.18993
1,0.69572,-0.17928,0.13842,-0.22337,0.18993
1,-0.73194,-0.17833,0.13842,-0.22337,0.18993
1,-0.71464,-0.17833,-0.60379,-0.22337,0.18993
1,-0.68003,-0.080138,1.1268,-0.22337,0.18993
1,-0.73194,-0.082226,1.1268,-0.22337,0.18993
1,0.27175,-0.089769,0.97502,-0.22337,0.18993
1,0.69572,-0.09327,0.83066,-0.22337,0.18993
1,0.86012,-0.05644,-0.61855,0.15628,-0.78425
1,-0.69733,0.029541,1.9259,0.15628,2.3548
1,0.74764,0.029541,2.0314,0.15628,2.3548
1,-0.5762,0.089518,2.9699,0.15628,2.3548
1,1.7513,0.029541,-0.41973,0.15628,-0.56776
1,-0.67137,-0.051047,-0.4488,0.15628,-0.56776
1,-0.60215,-0.05644,-0.4488,0.15628,-0.56776
1,0.39289,-0.2321,-0.4488,-0.35625,-0.56776
1,-0.5762,-0.18949,-0.15639,-0.22337,0.18993
1,-0.23875,-0.18899,0.057516,-0.22337,0.18993
1,-0.72329,-0.18672,-0.16795,-0.22337,0.18993
1,0.69572,-0.18899,0.07259,-0.22337,0.18993
1,-0.49832,-0.077018,1.5245,0.15628,0.18993
1,0.74764,0.057594,-0.59279,0.15628,-0.78425
1,-0.5762,-0.17837,-0.23988,0.15628,0.18993
1,0.92069,-0.16617,-0.23988,0.15628,0.18993
1,0.21984,-0.11755,-0.49036,0.15628,0.18993
1,3.2396,-0.16328,0.43438,-0.22337,0.18993
1,0.69572,-0.1761,-0.49036,0.15628,0.18993
1,3.0665,0.098037,1.5245,0.15628,2.3548
1,1.7859,-0.097331,1.1082,-0.22337,0.18993
1,1.7513,-0.10179,0.67359,-0.22337,0.18993
1,-0.68003,-0.064436,-0.21951,-0.22337,0.18993
1,-0.73194,0.1993,3.3398,0.15628,2.3548
1,-0.72329,-0.19784,-0.080205,-0.22337,0.18993
1,0.63516,0.065875,-0.080205,0.15628,0.18993
1,-0.49832,-0.11561,-0.61952,-0.22337,-0.78425
1,1.7859,-0.18142,-0.62599,-0.22337,-0.78425
1,-0.68868,-0.24802,-0.67466,-0.39422,-0.88167
1,0.86012,-0.15477,-0.62599,-0.22337,-0.78425
1,3.2396,-0.18142,-0.25701,-0.22337,0.18993
1,-0.73194,-0.10955,-0.23544,-0.22337,0.18993
1,-0.67137,0.037408,1.0632,0.15628,0.18993
1,0.76494,0.037408,-0.61952,0.15628,-0.78425
1,0.59189,-0.15477,-0.24304,-0.22337,0.18993
1,-0.67137,-0.11763,-0.24304,-0.22337,0.18993
1,-0.5762,-0.18522,-0.55609,-0.22337,0.18993
1,-0.5762,-0.11853,0.8759,-0.22337,0.18993
1,3.2396,-0.11853,0.033253,-0.22337,0.18993
1,-0.72329,-0.082506,0.12567,-0.22337,0.18993
1,-0.73194,-0.12897,0.12567,-0.22337,0.18993
1,1.5523,-0.18991,0.03584,-0.22337,0.18993
1,0.39289,-0.13209,0.03584,-0.22337,0.18993
1,-0.35123,0.19554,2.2601,0.15628,2.3548
1,-0.67137,-0.025247,1.6395,0.15628,2.3548
1,-0.60215,-0.073148,-0.13537,0.15628,0.18993
1,-0.68868,-0.07221,1.6395,0.15628,2.3548
1,0.63516,-0.043726,1.6517,0.15628,2.3548
1,-0.68868,-0.066625,1.6395,0.15628,2.3548
1,-0.72329,0.24053,4.4167,0.15628,2.3548
1,-0.67137,-0.17571,-0.6737,0.15628,-0.88167
1,0.76494,-0.16723,0.31077,0.15628,2.3548
1,3.2396,-0.074939,0.4924,0.15628,0.18993
1,-0.22144,-0.20127,-0.26953,-0.22337,-0.56776
1,0.54863,0.22053,-0.020352,0.15628,-0.56776
1,-0.73194,0.13042,0.61015,0.15628,0.18993
1,0.86012,-0.1526,-0.13976,-0.22337,0.18993
1,-0.5762,-0.15217,-0.53086,-0.22337,-0.78425
1,1.7513,-0.20042,-0.53086,-0.22337,-0.78425
1,0.92069,-0.20547,-0.53086,-0.22337,-0.78425
1,-0.35123,-0.20251,-0.67222,-0.22337,-0.88167
1,-0.5935,-0.15217,-0.036409,-0.22337,0.18993
1,-0.22144,-0.19239,-0.25344,-0.22337,-0.56776
1,0.54863,0.052523,-0.25344,0.15628,-0.56776
1,0.63516,0.10224,-0.0092725,0.15628,0.18993
1,-0.73194,-0.20547,-0.11927,-0.22337,0.18993
1,1.7859,-0.10291,-0.60562,-0.22337,-0.78425
1,-0.73194,0.26392,-0.60562,0.15628,-0.78425
1,-0.5762,-0.083651,-0.60562,-0.22337,-0.78425
1,0.86012,-0.17211,-0.60562,-0.22337,-0.78425
1,-0.5762,-0.083651,-0.44506,-0.22337,0.18993
1,0.92069,-0.23405,-0.5486,-0.22337,0.18993
1,3.2396,-0.10291,-0.5486,-0.22337,0.18993
1,-0.70598,-0.062612,-0.44371,-0.22337,-0.78425
1,-0.72329,-0.14184,-0.44371,-0.22337,-0.78425
1,-0.22144,-0.22412,-0.50812,-0.22337,-0.56776
1,0.35828,-0.083651,-0.50812,-0.22337,0.18993
1,0.69572,-0.17211,-0.50812,-0.22337,0.18993
1,-0.60215,-0.17211,-0.488,-0.22337,0.18993
1,0.15927,-0.17291,0.27236,-0.22337,0.18993
1,1.7513,-0.17135,0.12026,-0.22337,0.18993
1,0.92069,-0.12048,0.36732,-0.22337,0.18993
1,-0.27336,-0.15678,0.27236,-0.22337,0.18993
1,-0.35123,-0.047209,0.29178,0.15628,0.18993
1,-0.68003,-0.15146,0.3782,-0.22337,0.18993
1,-0.5762,-0.18368,-0.5974,-0.22337,0.18993
1,0.40154,-0.18962,-0.57519,-0.22337,0.18993
1,-0.22144,-0.17805,-0.15054,0.15628,0.18993
1,-0.31662,-0.21594,-0.68211,-0.22337,-0.88924
1,1.5523,-0.17805,-0.66493,0.15628,-0.86002
1,2.4262,1.7592,0.92222,1.4851,0.18993
1,-0.67137,-0.060693,-0.64828,-0.22337,-0.78425
1,-0.31662,-0.060693,-0.68435,-0.22337,-0.78425
1,-0.22144,0.41215,7.604,1.4851,2.3548
1,-0.31662,0.37464,-0.65943,1.4851,-0.86002
1,1.5523,0.41215,-0.65993,1.4851,-0.86002
1,0.69572,0.41215,7.4026,1.4851,9.9318
1,-0.22144,-0.041244,-0.21748,0.15628,0.18993
1,0.78225,1.6172,3.0821,1.4851,2.3548
1,-0.31662,1.6172,2.9624,1.4851,2.3548
1,-0.10896,0.06129,-0.66221,0.15628,-0.86002
1,-0.22144,0.39174,-0.66221,0.15628,-0.86002
1,0.78225,0.2975,-0.67535,0.15628,-0.86002
1,-0.67137,-0.072048,-0.67535,-0.22337,-0.86002
1,-0.31662,0.22323,-0.67535,0.15628,-0.86002
1,-0.73194,-0.056448,-0.67535,-0.22337,-0.86002
1,0.58324,-0.25081,-0.66395,-0.4075,-0.86002
1,2.4262,-0.0079511,-0.67798,1.4851,-0.86002
1,2.2099,-0.011848,-0.67818,1.4851,-0.86002
1,1.5523,-0.00876,1.7553,1.4851,0.18993
1,0.69572,-0.00876,2.4337,1.4851,9.9318
1,-0.22144,0.075517,1.1861,0.15628,0.18993
1,0.58324,0.33755,1.1861,0.15628,0.18993
1,-0.22144,0.16557,2.2479,1.4851,2.3548
1,-0.28201,-0.23104,-0.65758,-0.35625,-0.86002
1,0.046785,-0.23104,-0.65583,-0.35625,-0.86002
1,-0.73194,-0.23104,-0.43949,-0.35625,-0.56776
1,1.5523,-0.026192,-0.65583,1.4851,-0.86002
1,0.69572,0.11609,2.2479,1.4851,2.3548
1,-0.10896,0.1553,4.5353,1.4851,9.9318
1,-0.22144,0.1553,-0.40804,1.4851,-0.78425
1,-0.28201,-0.0040953,-0.65258,1.4851,-0.86002
1,-0.73194,-0.0040953,-0.65212,1.4851,-0.86002
1,-0.013782,0.1553,-0.65258,1.4851,-0.86002
1,-0.71464,0.10113,-0.50059,0.15628,-0.78425
1,-0.71464,0.24857,-0.66755,0.15628,-0.86002
1,-0.68868,0.25753,3.7539,0.15628,2.3548
1,-0.72329,0.25753,-0.28586,0.15628,-0.56776
1,2.8156,-0.1411,-0.61432,0.15628,-0.78425
1,-0.22144,0.39174,-0.55008,0.15628,-0.56776
1,0.54863,0.37772,-0.55008,0.15628,-0.56776
1,0.47076,0.30595,-0.51017,0.15628,-0.78425
1,0.67842,-0.24646,-0.66136,-0.4075,-0.88167
1,-0.35123,-0.13183,-0.67644,-0.22337,-0.88924
1,-0.22144,0.39174,-0.23157,0.15628,-0.56776
1,0.54863,0.39174,-0.23157,0.15628,-0.56776
1,-0.73194,0.11431,-0.6469,0.15628,-0.86002
1,-0.35123,-0.2517,-0.67787,-0.4113,-0.88167
1,-0.031087,-0.13219,-0.67371,-0.22337,-0.88167
1,-0.73194,-0.11666,-0.67371,-0.22337,-0.88167
1,0.68707,0.14324,-0.67371,0.15628,-0.88167
1,-0.68868,-0.098612,1.0136,0.15628,2.3548
1,2.1234,-0.24978,-0.67624,-0.4075,-0.88167
1,0.54863,0.22308,-0.23034,0.15628,-0.56776
1,0.47076,0.10231,-0.56428,0.15628,-0.78425
1,-0.72329,0.27967,2.0485,0.15628,2.3548
1,-0.70598,0.14463,-0.57558,0.15628,-0.78425
1,-0.68868,0.12245,-0.57558,0.15628,-0.78425
1,2.8156,-0.16638,-0.57554,-0.22337,-0.78425
1,-0.35123,-0.25143,-0.67597,-0.4113,-0.88167
1,0.54863,0.23489,-0.50296,0.15628,-0.56776
1,0.47076,-0.16615,-0.14692,-0.22337,-0.56776
1,-0.72329,-0.24417,-0.67597,-0.39422,-0.88167
1,-0.73194,0.2253,-0.67597,0.15628,-0.88167
1,-0.72329,-0.16033,-0.43165,-0.22337,-0.56776
1,-0.73194,-0.24776,-0.68062,-0.39422,-0.88924
1,-0.70598,-0.093006,-0.68062,0.15628,-0.88924
1,-0.68868,0.13427,2.2581,0.15628,2.3548
1,-0.73194,-0.25223,-0.68135,-0.41263,-0.88924
1,-0.35123,-0.24009,-0.68035,-0.39422,-0.88924
1,-0.66272,-0.092243,-0.68035,-0.22337,-0.88924
1,-0.031087,-0.11119,-0.52322,-0.22337,-0.78425
1,-0.73194,0.25302,-0.52322,0.15628,-0.78425
1,-0.72329,-0.19236,-0.58279,0.15628,-0.78425
1,-0.73194,-0.25224,-0.68111,-0.41263,-0.88924
1,-0.73194,-0.24976,-0.68065,-0.4075,-0.88924
1,-0.73194,-0.23838,-0.58279,-0.39422,-0.78425
1,0.54863,-0.17956,-0.62646,-0.22337,-0.78425
1,-0.49832,0.08836,2.4855,0.15628,2.3548
1,-0.73194,-0.24767,-0.6741,-0.39422,-0.88167
1,-0.70598,-0.24787,-0.6741,-0.39422,-0.88167
1,-0.53293,-0.087848,-0.48548,0.15628,-0.78425
1,2.2878,0.1584,-0.11986,0.15628,-0.56776
1,-0.35123,-0.21023,-0.67524,-0.35625,-0.88167
1,0.54863,-0.079315,-0.43053,0.15628,-0.56776
1,-0.73194,-0.24776,-0.6741,-0.39422,-0.88167
1,-0.031087,0.15001,-0.13643,0.15628,-0.56776
1,-0.72329,-0.21023,-0.62048,-0.35625,-0.78425
1,0.68707,0.05171,-0.13643,0.15628,-0.56776
1,4.2519,0.05171,-0.087527,0.15628,-0.56776
1,-0.72329,0.058227,2.1908,0.15628,2.3548
1,0.67842,-0.032861,-0.62732,0.15628,-0.86002
1,-0.68868,-0.12377,0.76632,0.15628,2.3548
1,-0.72329,-0.14055,0.40476,0.15628,0.18993
1,-0.73194,-0.248,-0.67134,-0.4075,-0.88167
1,-0.72329,-0.048111,-0.62582,0.15628,-0.86002
1,-0.72329,-0.063793,0.7296,0.15628,2.3548
1,-0.49832,0.055882,2.1265,0.15628,2.3548
1,2.2878,0.036826,0.47146,0.15628,0.18993
1,1.5696,0.036826,0.44965,0.15628,0.18993
1,-0.35123,-0.15587,0.44965,-0.22337,0.18993
1,-0.66272,0.011434,-0.67542,0.15628,-0.88167
1,-0.22144,-0.19173,-0.11471,0.15628,-0.56776
1,-0.73194,-0.24971,-0.67454,-0.4075,-0.88167
1,-0.61081,0.011434,0.82969,0.15628,0.18993
1,-0.72329,0.14961,2.0231,0.15628,2.3548
1,-0.73194,-0.2428,-0.68059,-0.39422,-0.88924
1,-0.72329,-0.13615,-0.30866,0.15628,-0.56776
1,-0.22144,0.31823,-0.42209,0.15628,-0.56776
1,0.54863,0.19585,-0.42209,0.15628,-0.56776
1,-0.73194,-0.23,-0.68059,-0.35625,-0.88924
1,-0.61081,-0.22581,-0.54999,-0.35625,-0.78425
1,-0.72329,-0.070768,-0.53714,0.15628,-0.78425
1,-0.73194,-0.03112,-0.66632,0.15628,-0.78425
1,0.67842,-0.042183,-0.66726,0.15628,-0.78425
1,-0.68868,-0.10507,0.86807,0.15628,2.3548
1,-0.72329,0.0017673,1.226,0.15628,2.3548
1,-0.53293,0.076923,1.226,0.15628,2.3548
1,-0.73194,-0.03112,-0.42817,0.15628,-0.56776
1,1.5696,-0.24994,-0.66846,-0.39422,-0.86002
1,-0.22144,0.19702,3.7579,0.15628,2.3548
1,-0.73194,-0.027186,2.184,0.15628,2.3548
1,-0.73194,-0.03112,-0.66688,0.15628,-0.78425
1,-0.73194,0.08597,2.6101,0.15628,2.3548
1,-0.73194,0.08597,2.527,0.15628,2.3548
1,-0.61081,0.08597,1.8819,0.15628,2.3548
1,1.5696,-0.25153,-0.67269,-0.4113,-0.88167
1,-0.35123,-0.25153,-0.67457,-0.4113,-0.88167
1,0.47076,0.21616,4.1418,0.15628,2.3548
1,-0.70598,0.044076,-0.67682,0.15628,-0.88167
1,-0.68868,0.044076,1.0924,0.15628,2.3548
1,-0.68868,-0.048019,1.0924,0.15628,2.3548
1,-0.35123,-0.25179,-0.68104,-0.4113,-0.88924
1,0.47076,0.0042925,0.59701,0.15628,0.18993
1,-0.73194,-0.14072,-0.68104,-0.22337,-0.88924
1,-0.53293,-0.12423,-0.59795,0.15628,-0.78425
1,-0.35123,-0.19705,-0.62345,-0.22337,-0.78425
1,-0.22144,-0.20694,-0.56003,-0.22337,-0.56776
1,0.54863,0.16896,-0.56003,0.15628,-0.56776
1,-0.70598,0.13598,-0.60792,0.15628,-0.78425
1,-0.68868,0.0045895,-0.60792,0.15628,-0.78425
1,-0.68868,0.0045895,2.6079,0.15628,2.3548
1,1.5696,-0.24704,-0.67337,-0.39422,-0.88167
1,-0.66272,0.27848,-0.67337,0.15628,-0.88167
1,-0.63676,0.31479,-0.6716,0.15628,-0.88167
1,0.68707,0.27437,-0.6716,0.15628,-0.88167
1,-0.72329,0.2471,-0.55086,0.15628,-0.78425
1,0.54863,0.39174,-0.64819,0.15628,-0.86002
1,0.47076,-0.12521,-0.49391,-0.22337,-0.78425
1,-0.67137,0.20119,-0.66749,0.15628,-0.78425
1,-0.03974,-0.24968,-0.66749,-0.39422,-0.86002
1,-0.71464,0.39174,-0.66939,0.15628,-0.88167
1,-0.72329,0.39174,5.0656,0.15628,2.3548
1,-0.73194,0.08601,-0.67636,0.15628,-0.88167
1,2.8156,-0.23239,-0.67636,-0.35625,-0.88167
1,1.5696,-0.2293,-0.66749,-0.35625,-0.86002
1,-0.66272,-0.22785,-0.38343,-0.35625,-0.56776
1,-0.73194,0.08601,-0.66859,0.15628,-0.86002
1,-0.031087,0.15729,-0.67689,0.15628,-0.88167
1,0.68707,-0.23239,-0.67689,-0.35625,-0.88167
1,-0.72329,-0.098105,-0.40261,0.15628,-0.56776
1,-0.68868,0.15385,2.9968,0.15628,2.3548
1,-0.72329,-0.10796,-0.11142,0.15628,0.18993
1,-0.53293,-0.10796,-0.579,0.15628,-0.78425
1,-0.35123,-0.22901,-0.67709,-0.35625,-0.88167
1,-0.22144,-0.15526,-0.64828,0.15628,-0.78425
1,0.54863,0.39174,-0.64828,0.15628,-0.78425
1,0.68707,-0.19901,-0.37975,-0.22337,-0.56776
1,0.67842,0.042403,3.0555,0.15628,2.3548
1,-0.68868,0.0665,3.1429,0.15628,2.3548
1,2.2878,0.049272,-0.67223,0.15628,-0.88167
1,2.8156,0.019282,-0.67223,0.15628,-0.88167
1,-0.66272,0.084613,-0.67326,0.15628,-0.88167
1,-0.72329,-0.2388,-0.67029,-0.39422,-0.88167
1,-0.61081,0.084613,-0.50661,0.15628,-0.78425
1,1.5523,-0.079201,-0.50745,0.15628,0.18993
1,-0.68003,-0.18257,-0.14446,-0.22337,0.18993
1,-0.49832,-0.18257,-0.19196,-0.22337,0.18993
1,-0.56754,0.068664,0.22197,0.15628,0.18993
1,0.92069,0.068664,0.11701,0.15628,0.18993
1,3.2396,0.068664,0.33089,0.15628,0.18993
1,-0.00513,-0.15886,0.16971,-0.22337,0.18993
1,-0.72329,-0.11882,0.52905,-0.22337,0.18993
1,0.35828,-0.1866,0.12282,-0.22337,0.18993
1,-0.28201,-0.1866,0.086868,-0.22337,0.18993
1,-0.5762,-0.25148,-0.67776,-0.39422,-0.88924
1,-0.22144,-0.25171,-0.67776,-0.39422,-0.88924
1,-0.72329,-0.25171,-0.67684,-0.39422,-0.88924
1,-0.60215,-0.25182,-0.67547,-0.39422,-0.78425
1,1.5523,0.093853,-0.671,0.15628,-0.78425
1,0.86012,-0.094626,0.13009,0.15628,2.3548
1,-0.73194,-0.094626,0.040578,0.15628,2.3548
1,-0.72329,-0.1902,-0.6768,0.15628,-0.88924
1,0.40154,0.10452,-0.004702,0.15628,2.3548
1,-0.68003,0.11708,3.9414,0.15628,2.3548
1,-0.73194,0.10452,-0.6768,0.15628,-0.88924
1,-0.19549,-0.2264,-0.67827,0.15628,-0.88924
1,-0.71464,-0.2264,-0.6768,0.15628,-0.88924
1,-0.73194,-0.079641,1.0774,0.15628,0.18993
1,-0.22144,0.031087,-0.61329,0.15628,-0.78425
1,-0.65407,0.10231,2.6485,0.15628,2.3548
1,-0.73194,0.14057,2.6485,0.15628,2.3548
1,0.046785,0.031087,-0.60642,0.15628,-0.78425
1,-0.71464,0.14057,-0.60642,0.15628,-0.78425
1,0.86012,-0.0035253,2.0592,0.15628,2.3548
1,-0.22144,-0.24686,-0.62848,-0.39422,-0.78425
1,0.69572,0.042247,2.5415,0.15628,2.3548
1,1.5523,0.042247,2.2544,0.15628,2.3548
1,-0.73194,-0.07951,1.4234,0.15628,2.3548
1,0.59189,-0.080925,1.5232,0.15628,2.3548
1,-0.68003,0.33906,-0.65921,0.15628,-0.78425
1,-0.71464,-0.057202,1.4675,0.15628,2.3548
1,-0.07435,0.048227,-0.67787,0.15628,-0.78425
1,0.59189,0.077123,-0.67787,0.15628,-0.78425
1,-0.67137,0.072953,-0.67787,0.15628,-0.78425
1,1.1803,0.083201,-0.67787,0.15628,-0.78425
1,-0.00513,0.022801,-0.6194,0.15628,-0.78425
1,-0.72329,0.022801,-0.62133,0.15628,-0.78425
1,-0.07435,0.032178,-0.63672,0.15628,-0.56776
1,0.69572,-0.23328,-0.6194,-0.35625,-0.78425
1,-0.5762,-0.19537,-0.58586,0.15628,0.18993
1,-0.67137,0.22791,0.056058,0.15628,0.18993
1,-0.71464,-0.068091,0.056058,-0.22337,0.18993
1,-0.68003,-0.2284,-0.59501,0.15628,-0.56776
1,1.5523,-0.2284,-0.636,0.15628,-0.56776
1,1.3879,-0.039567,-0.67707,0.15628,-0.88924
1,0.15927,-0.039567,1.0739,0.15628,0.18993
1,-0.67137,-0.25194,-0.67787,-0.41263,-0.88924
1,-0.71464,-0.24778,-0.67682,-0.4075,-0.88924
1,-0.35123,-0.24774,-0.62448,-0.4075,-0.86002
1,-0.5762,-0.21205,-0.62234,-0.35625,-0.86002
1,-0.72329,-0.2479,-0.62606,-0.4075,-0.86002
1,-0.71464,-0.21205,-0.62578,-0.35625,-0.86002
1,0.69572,-0.20719,-0.62383,-0.35625,-0.86002
1,1.5523,-0.20719,-0.62359,-0.35625,-0.86002
1,0.39289,-0.24783,-0.65553,-0.39422,-0.86002
0,-0.62811,-0.17291,0.15968,-0.22337,0.18993
0,0.92069,-0.074939,-0.3092,0.15628,0.18993
0,-0.68868,0.15407,-0.62193,0.15628,-0.78425
0,-0.68003,-0.13846,0.74407,-0.22337,0.18993
0,-0.69733,-0.023662,1.2415,0.15628,0.18993
0,-0.69733,0.0076758,1.3823,0.15628,2.3548
0,0.86012,-0.19015,-0.14446,-0.22337,0.18993
0,-0.5762,-0.13183,-0.67638,-0.22337,-0.88924
0,-0.73194,0.48576,-0.39388,1.4851,0.18993
0,0.74764,-0.20941,-0.30306,-0.22337,0.18993
0,0.76494,-0.082029,0.15447,0.15628,0.18993
0,-0.73194,-0.12398,-0.49874,-0.22337,0.18993
0,-0.73194,-0.1625,-0.60018,-0.22337,0.18993
0,1.8465,-0.11548,0.52697,0.15628,0.18993
0,-0.63676,-0.12561,0.20526,-0.22337,0.18993
0,-0.73194,-0.17151,0.29212,-0.22337,0.18993
0,-0.72329,-0.07895,0.16731,-0.22337,0.18993
0,-0.73194,-0.090796,-0.21951,-0.22337,0.18993
0,0.59189,-0.18943,0.053232,-0.22337,0.18993
0,-0.72329,0.08597,2.235,0.15628,2.3548
0,-0.67137,0.13488,1.6537,0.15628,2.3548
0,0.59189,0.19388,-0.66749,0.15628,-0.78425
0,0.046785,0.065573,-0.15999,0.15628,-0.56776
0,1.7859,-0.11237,0.092068,-0.22337,0.18993
0,-0.61946,-0.24953,-0.65594,-0.39422,-0.78425
0,2.1234,-0.24797,-0.68013,-0.39422,-0.88924
0,-0.49832,-0.10887,-0.33316,-0.22337,-0.56776
0,-0.68868,-0.16125,-0.033253,-0.22337,0.18993
0,-0.71464,-0.098196,-0.61097,0.15628,-0.78425
0,-0.68868,-0.1327,-0.66726,0.15628,-0.78425
0,-0.65407,-0.19919,-0.44317,-0.22337,-0.78425
0,-0.73194,-0.18693,-0.15639,-0.22337,0.18993
0,-0.72329,-0.22072,-0.66877,-0.22337,0.18993
0,0.046785,1.775,-0.66939,1.4851,-0.88167
0,0.28906,-0.082824,-0.45573,-0.22337,-0.78425
0,-0.73194,-0.25132,-0.66972,-0.22337,0.18993
0,-0.72329,-0.169,-0.43719,-0.22337,-0.78425
0,-0.07435,0.0040651,-0.62848,0.15628,-0.78425
0,-0.70598,-0.24761,-0.67682,-0.39422,-0.88167
0,1.0764,0.042899,-0.63672,0.15628,-0.56776
0,-0.73194,-0.044848,1.6999,0.15628,0.18993
0,-0.2301,-0.19943,-0.13783,-0.22337,0.18993
0,0.59189,-0.25129,-0.67531,-0.39422,-0.78425
0,-0.50698,-0.14035,0.084973,-0.22337,0.18993
0,-0.73194,0.13568,-0.67778,0.15628,-0.88167
0,-0.5762,-0.14173,-0.3092,-0.22337,0.18993
0,1.7513,-0.097331,1.2685,-0.22337,0.18993
0,0.21984,-0.22339,-0.3092,-0.22337,0.18993
0,-0.60215,0.025914,-0.43505,0.15628,-0.56776
0,-0.60215,-0.24914,-0.68141,-0.22337,0.18993
0,0.40154,-0.11811,-0.19923,-0.22337,0.18993
0,-0.63676,-0.23195,-0.54999,-0.35625,-0.78425
0,0.74764,0.018967,-0.44506,0.15628,0.18993
0,0.21984,-0.18654,0.1387,-0.22337,0.18993
0,2.8156,0.29823,-0.67643,0.15628,-0.88924
0,-0.22144,0.26814,4.2921,0.15628,2.3548
0,0.47076,0.1936,0.098732,0.15628,2.3548
0,0.15927,0.34892,1.4799,0.15628,0.18993
0,4.2519,-0.23019,-0.42351,-0.35625,-0.56776
0,-0.73194,-0.13339,0.31704,0.15628,0.18993
0,-0.72329,-0.24844,-0.68104,-0.39422,-0.88924
0,-0.65407,-0.2338,-0.67336,0.15628,-0.88167
0,-0.07435,-0.11737,0.13299,-0.22337,0.18993
0,-0.47237,-0.23368,-0.67512,-0.35625,-0.86002
0,-0.63676,0.10506,1.3622,0.15628,2.3548
0,-0.35123,-0.23395,-0.67899,-0.39422,-0.88167
0,2.8156,0.030441,-0.65298,0.15628,-0.86002
0,-0.50698,0.11617,3.6763,0.15628,2.3548
0,-0.67137,1.6172,0.82318,1.4851,0.18993
0,-0.68003,-0.11864,0.043722,-0.22337,0.18993
0,-0.28201,-0.086633,0.83066,-0.22337,0.18993
0,-0.63676,-0.21205,-0.62681,-0.35625,-0.86002
0,1.8205,0.094469,1.8195,0.15628,2.3548
0,-0.69733,-0.18778,-0.59279,-0.22337,-0.78425
0,1.5523,-0.15166,-0.65849,0.15628,-0.78425
0,-0.2301,-0.169,-0.66972,-0.22337,0.18993
0,-0.63676,-0.23978,-0.68059,-0.39422,-0.88924
0,-0.19549,-0.034052,0.084973,0.15628,0.18993
0,-0.68868,-0.059143,1.4234,0.15628,2.3548
0,-0.5762,-0.10218,1.2415,-0.22337,0.18993
0,-0.72329,-0.15242,-0.3092,-0.22337,0.18993
0,-0.52428,-0.25196,-0.67787,-0.41263,-0.88924
0,-0.60215,-0.12583,0.8759,-0.22337,0.18993
0,-0.56754,-0.15751,-0.51767,-0.22337,0.18993
0,-0.23875,-0.1622,-0.67466,-0.22337,-0.88167
0,0.67842,-0.23234,-0.55408,-0.35625,-0.78425
0,-0.28201,-0.17341,0.20913,-0.22337,0.18993
0,0.15927,-0.22309,-0.65029,-0.35625,-0.78425
0,-0.27336,-0.13668,-0.34845,-0.22337,0.18993
0,-0.68003,-0.19919,-0.46936,-0.22337,0.18993
0,-0.07435,13.6959,0.78096,13.8237,0.18993
0,2.2099,-0.063652,-0.45717,0.15628,0.18993
0,0.21984,-0.082248,0.83066,-0.22337,0.18993
0,2.2878,-0.23804,-0.62519,-0.39422,-0.78425
0,-0.5762,-0.16548,-0.3092,-0.22337,0.18993
0,-0.66272,-0.11973,-0.48585,-0.22337,-0.78425
0,-0.61946,0.39174,2.6816,0.15628,2.3548
0,0.28906,-0.059306,-0.44371,-0.22337,-0.78425
0,-0.27336,-0.084407,0.97502,-0.22337,0.18993
0,0.072743,-0.077449,0.94443,0.15628,0.18993
0,-0.47237,0.37464,-0.65877,1.4851,-0.86002
0,2.2878,-0.24959,-0.68111,-0.4075,-0.88924
0,-0.23875,-0.25139,-0.6799,-0.22337,0.18993
0,0.47076,0.34007,6.633,0.15628,2.3548
0,-0.5762,-0.22901,-0.67683,-0.35625,-0.88167
0,0.35828,-0.19147,-0.13783,-0.22337,0.18993
0,1.5696,-0.13607,-0.67407,0.15628,-0.88167
0,0.15927,0.15957,0.92191,0.15628,0.18993
0,0.63516,-0.0059119,1.5245,0.15628,2.3548
0,-0.72329,-0.065962,0.037968,-0.22337,0.18993
0,3.2396,-0.13859,0.73109,-0.22337,0.18993
0,-0.63676,0.065559,0.60423,0.15628,0.18993
0,-0.68868,-0.15242,0.14481,0.15628,0.18993
0,-0.5762,-0.15716,0.34705,-0.22337,0.18993
0,2.1234,0.37619,0.43538,0.15628,0.18993
0,-0.60215,0.08147,1.1068,0.15628,0.18993
0,-0.63676,-0.1941,0.035959,-0.22337,0.18993
0,0.63516,-0.07062,-0.25308,-0.22337,0.18993
0,0.40154,-0.12854,-0.6478,-0.22337,-0.78425
0,-0.73194,-0.19105,-0.15639,-0.22337,0.18993
0,2.2099,0.25654,-0.40612,0.15628,-0.78425
0,0.39289,-0.21177,-0.25308,-0.22337,0.18993
0,0.15927,-0.041104,-0.65336,0.15628,-0.86002
0,-0.47237,-0.21426,-0.66468,-0.35625,-0.86002
0,0.046785,0.37464,-0.65993,1.4851,-0.86002
0,-0.73194,-0.060693,-0.42661,-0.22337,-0.78425
0,0.63516,-0.19199,-0.41973,-0.22337,-0.56776
0,-0.68003,-0.082532,1.3619,-0.22337,0.18993
0,-0.73194,-0.12234,0.033253,-0.22337,0.18993
0,-0.65407,-0.15905,-0.036409,-0.22337,0.18993
0,-0.68868,-0.13383,-0.48884,-0.22337,0.18993
0,0.21984,-0.15367,-0.68071,-0.22337,-0.56776
0,2.755,-0.25029,-0.65849,-0.39422,-0.78425
0,-0.5762,-0.17996,0.029271,-0.22337,0.18993
0,0.74764,0.1714,-0.60589,0.15628,2.3548
0,0.74764,0.26042,2.7555,0.15628,2.3548
0,1.7513,-0.12556,0.79925,-0.22337,0.18993
0,-0.67137,-0.24029,-0.61381,-0.39422,-0.78425
0,0.10735,-0.077189,-0.18749,-0.22337,0.18993
0,0.10735,-0.074939,1.0678,0.15628,0.18993
0,0.59189,-0.14936,-0.29378,-0.22337,0.18993
0,-0.69733,0.081856,0.29178,0.15628,0.18993
0,-0.23875,-0.20227,-0.13783,-0.22337,0.18993
0,0.15927,-0.24603,-0.60156,-0.22337,0.18993
0,-0.63676,-0.24698,-0.64608,-0.39422,-0.86002
0,-0.15222,-0.15091,0.18366,-0.22337,0.18993
0,-0.68868,-0.097331,1.2317,-0.22337,0.18993
0,-0.73194,-0.17715,0.16731,-0.22337,0.18993
0,-0.031087,0.24715,0.82969,0.15628,0.18993
0,1.7859,-0.11277,0.97967,-0.22337,0.18993
0,-0.68868,-0.24546,-0.67336,-0.39422,-0.88167
0,0.35828,-0.18547,0.1352,-0.22337,0.18993
0,-0.65407,-0.073664,-0.53202,-0.22337,0.18993
0,0.86012,0.065559,0.74407,0.15628,0.18993
0,-0.68003,-0.23737,-0.50812,-0.22337,0.18993
0,-0.73194,0.0047285,1.6071,0.15628,2.3548
0,-0.68868,-0.065977,1.1068,0.15628,0.18993
0,-0.07435,-0.25095,-0.67935,-0.39422,-0.88167
0,-0.68868,-0.20169,-0.38121,-0.22337,0.18993
0,-0.72329,-0.11077,0.055977,-0.22337,0.18993
0,-0.35123,-0.23838,-0.68115,-0.39422,-0.88924
0,-0.35123,-0.24499,-0.61329,-0.39422,-0.78425
0,-0.50698,-0.16023,-0.0002394,-0.22337,0.18993
0,-0.65407,0.025914,-0.6171,0.15628,-0.78425
0,-0.28201,-0.060693,0.93884,-0.22337,0.18993
0,0.15927,-0.079741,0.31816,0.15628,0.18993
0,-0.70598,0.08601,-0.66615,0.15628,-0.86002
0,0.69572,0.25654,-0.67869,0.15628,-0.86002
0,-0.66272,-0.22581,-0.68032,-0.35625,-0.88924
0,-0.27336,-0.099444,0.79651,-0.22337,0.18993
0,1.5696,-0.25007,-0.67787,-0.4075,-0.88167
0,-0.048392,-0.06067,1.4911,0.15628,2.3548
0,-0.73194,-0.14256,-0.18749,-0.22337,0.18993
0,-0.73194,-0.078468,1.4099,-0.22337,0.18993
0,-0.28201,-0.11439,0.70852,-0.22337,0.18993
0,0.58324,-0.079201,-0.45717,0.15628,0.18993
0,1.7859,-0.18397,-0.43719,-0.22337,-0.78425
0,0.21984,-0.041244,-0.40413,0.15628,-0.56776
0,0.86012,-0.22309,-0.65415,-0.35625,-0.78425
0,-0.73194,-0.18672,0.1387,-0.22337,0.18993
0,-0.73194,-0.12581,-0.49662,-0.22337,-0.78425
0,5.9305,0.36245,-0.65849,0.15628,-0.78425
0,-0.73194,-0.20306,-0.29429,-0.22337,0.18993
0,1.7859,-0.10291,-0.44506,-0.22337,0.18993
0,-0.68003,-0.21664,-0.31449,-0.22337,0.18993
0,0.15927,-0.18106,-0.59279,-0.22337,-0.78425
0,3.0665,0.39174,-0.27213,0.15628,-0.56776
0,-0.72329,0.12099,2.7182,0.15628,2.3548
0,-0.37719,-0.1476,-0.58548,-0.22337,0.18993
0,0.59189,0.0040651,2.5415,0.15628,2.3548
0,-0.73194,0.32704,-0.60599,0.15628,-0.86002
0,-0.07435,-0.041104,1.2914,0.15628,2.3548
0,-0.71464,0.39174,-0.42715,0.15628,-0.78425
0,-0.5762,0.08597,1.6769,0.15628,2.3548
0,2.1234,0.39174,-0.66887,0.15628,-0.88167
0,-0.73194,-0.14256,-0.31449,-0.22337,0.18993
0,-0.67137,0.047682,-0.488,0.15628,0.18993
0,0.59189,13.6959,1.121,13.8237,0.18993
0,-0.73194,-0.13104,0.8759,-0.22337,0.18993
0,-0.07435,-0.24636,-0.65356,-0.39422,-0.86002
0,-0.71464,0.39174,-0.65718,0.15628,-0.78425
0,0.046785,0.0014242,-0.37975,0.15628,-0.56776
0,-0.22144,-0.17341,0.050857,-0.22337,-0.56776
0,-0.68868,0.39174,7.604,0.15628,2.3548
0,-0.67137,-0.20793,-0.46936,-0.22337,0.18993
0,-0.73194,-0.18542,-0.50118,0.15628,-0.78425
0,0.21984,-0.14829,0.40637,-0.22337,0.18993
0,-0.61081,0.11122,0.034276,0.15628,0.18993
0,-0.68868,-0.039567,-0.62383,0.15628,-0.86002
0,-0.67137,-0.18693,0.1387,-0.22337,0.18993
0,-0.5762,-0.097246,-0.61097,0.15628,-0.78425
0,-0.68868,-0.032398,1.4741,0.15628,2.3548
0,-0.69733,0.044076,-0.61278,0.15628,-0.78425
0,-0.50698,-0.14642,0.62872,-0.22337,0.18993
0,-0.35123,-0.18128,0.12304,0.15628,2.3548
0,-0.68003,-0.17151,0.25695,-0.22337,0.18993
0,-0.73194,-0.1302,0.048259,-0.22337,0.18993
0,0.69572,0.27346,-0.59601,0.15628,-0.78425
0,-0.61946,-0.24776,-0.62577,-0.39422,-0.86002
0,-0.73194,-0.24751,-0.62133,-0.39422,-0.78425
0,-0.67137,-0.049063,-0.51564,-0.22337,0.18993
0,0.67842,-0.24997,-0.68279,-0.4075,-0.88167
0,-0.73194,0.32704,-0.60675,0.15628,-0.86002
0,1.5523,-0.19239,-0.0092725,-0.22337,0.18993
0,-0.5762,-0.18128,-0.67821,0.15628,-0.78425
0,-0.68003,-0.18386,-0.51564,-0.22337,0.18993
0,-0.031087,0.08597,2.1926,0.15628,2.3548
0,-0.47237,-0.0040953,-0.30211,1.4851,-0.56776
0,-0.64542,-0.22581,-0.54183,-0.35625,-0.78425
0,-0.37719,0.22791,-0.61507,0.15628,2.3548
0,-0.5935,-0.12642,-0.49662,-0.22337,-0.78425
0,-0.66272,-0.2024,-0.13783,-0.22337,0.18993
0,-0.61946,-0.20006,-0.67827,0.15628,-0.88924
0,-0.63676,-0.24009,-0.64668,-0.39422,-0.86002
0,-0.73194,0.19385,-0.60642,0.15628,-0.78425
0,-0.73194,-0.014491,0.47146,0.15628,0.18993
0,-0.35123,-0.24785,-0.65618,-0.39422,-0.86002
0,-0.67137,-0.12385,0.24145,-0.22337,0.18993
0,-0.69733,-0.15218,-0.53463,-0.22337,0.18993
0,-0.73194,0.35099,0.87927,0.15628,0.18993
0,0.15927,-0.17996,-0.68118,-0.22337,0.18993
0,0.47076,0.10171,-0.67722,0.15628,-0.88167
0,1.1803,-0.18675,-0.68435,-0.22337,0.18993
0,-0.73194,-0.25139,-0.68121,-0.22337,0.18993
0,-0.73194,-0.24778,-0.67778,-0.39422,-0.88167
0,-0.67137,-0.23122,-0.60556,-0.35625,-0.86002
0,-0.71464,0.32223,-0.64667,0.15628,-0.78425
0,1.7859,-0.16169,-0.3069,-0.22337,0.18993
0,-0.67137,-0.22174,-0.29429,-0.22337,0.18993
0,-0.5935,-0.11737,0.1844,-0.22337,0.18993
0,-0.64542,-0.1067,1.1875,-0.22337,0.18993
0,1.7513,-0.11841,1.0346,-0.22337,0.18993
0,-0.73194,0.19728,-0.67457,0.15628,-0.88167
0,0.072743,0.026658,-0.35463,0.15628,0.18993
0,1.7513,-0.052977,1.0865,-0.22337,0.18993
0,-0.013782,-0.041244,-0.42876,0.15628,-0.56776
0,2.4695,0.028583,-0.51666,0.15628,0.18993
0,0.92069,-0.11841,-0.2871,-0.22337,0.18993
0,-0.67137,-0.20326,-0.13783,-0.22337,0.18993
0,-0.73194,0.13598,-0.61084,0.15628,-0.78425
0,-0.00513,-0.25149,-0.67376,-0.39422,-0.78425
0,-0.50698,-0.24999,-0.65199,-0.39422,-0.78425
0,0.27175,-0.18547,0.13299,-0.22337,0.18993
0,0.28906,-0.063055,0.78096,-0.22337,0.18993
0,0.39289,-0.15902,-0.49874,0.15628,0.18993
0,-0.65407,-0.1067,0.79651,-0.22337,0.18993
0,-0.64542,-0.11561,-0.23544,-0.22337,0.18993
0,-0.63676,-0.25049,-0.67174,-0.4075,-0.88167
0,-0.73194,-0.25051,-0.67773,-0.39422,-0.88167
0,0.21984,-0.21822,-0.59279,0.15628,-0.78425
0,0.21984,-0.17135,0.34705,-0.22337,0.18993
0,-0.73194,-0.11737,0.13468,-0.22337,0.18993
0,-0.73194,-0.24698,-0.64718,-0.39422,-0.86002
0,-0.73194,-0.23804,-0.67778,-0.39422,-0.88167
0,-0.70598,-0.24769,-0.6741,-0.39422,-0.88167
0,0.92069,-0.19118,0.092068,-0.22337,0.18993
0,-0.73194,-0.17106,0.13842,-0.22337,0.18993
0,0.046785,0.089395,-0.67457,0.15628,-0.88167
0,0.74764,-0.01776,-0.60589,0.15628,2.3548
0,-0.73194,-0.0040953,-0.65026,1.4851,-0.86002
0,-0.73194,-0.13459,0.70852,-0.22337,0.18993
0,0.28906,-0.19677,-0.16795,-0.22337,0.18993
0,-0.73194,-0.25224,-0.68345,-0.4113,-0.88924
0,-0.52428,0.17015,-0.65155,0.15628,-0.78425
0,-0.73194,-0.054661,1.4905,-0.22337,0.18993
0,-0.73194,-0.076999,-0.21951,-0.22337,0.18993
0,3.2396,-0.11304,-0.2871,-0.22337,0.18993
0,0.39289,0.13209,0.625,0.15628,0.18993
0,1.0764,0.094469,1.5388,0.15628,2.3548
0,1.7513,-0.082029,-0.23988,0.15628,2.3548
0,0.10735,-0.10526,0.561,-0.22337,0.18993
0,-0.00513,-0.17987,0.16731,-0.22337,0.18993
0,-0.53293,0.25753,-0.51017,0.15628,-0.78425
0,2.1234,0.22641,-0.67028,0.15628,-0.88167
0,-0.60215,-0.15724,-0.6737,0.15628,-0.88167
0,-0.64542,0.0072836,0.66691,0.15628,0.18993
0,-0.63676,-0.14936,0.39964,-0.22337,0.18993
0,-0.67137,-0.20342,-0.34079,-0.22337,-0.56776
0,-0.63676,-0.19015,0.068917,-0.22337,0.18993
0,2.1234,-0.037951,-0.67545,0.15628,-0.88167
0,0.78225,-0.25031,-0.68211,-0.4075,-0.88924
0,-0.27336,-0.049063,0.79448,-0.22337,0.18993
0,-0.68003,-0.15715,-0.3069,-0.22337,0.18993
0,-0.63676,-0.19051,0.053232,-0.22337,0.18993
0,-0.73194,-0.049063,0.77285,-0.22337,0.18993
0,-0.5762,-0.16328,-0.44178,0.15628,0.18993
0,0.30636,-0.20057,-0.34079,-0.22337,-0.56776
0,-0.62811,-0.094578,1.1268,-0.22337,0.18993
0,-0.64542,-0.077018,0.055977,-0.22337,0.18993
0,1.8465,-0.082248,1.4179,-0.22337,0.18993
0,-0.68003,-0.1866,-0.1901,-0.22337,0.18993
0,-0.19549,-0.10566,-0.33316,-0.22337,-0.56776
0,-0.63676,-0.18237,0.15968,-0.22337,0.18993
0,-0.68868,-0.13615,-0.1814,0.15628,2.3548
0,-0.73194,-0.18389,-0.1901,-0.22337,0.18993
0,-0.62811,-0.073664,-0.51699,-0.22337,0.18993
0,1.3879,0.36245,6.9471,0.15628,2.3548
0,-0.73194,-0.25078,-0.67454,-0.4075,-0.88167
0,-0.61946,-0.18678,-0.45383,-0.22337,0.18993
0,1.5523,-0.23253,-0.67869,-0.35625,-0.86002
0,0.21984,-0.19067,-0.14446,-0.22337,0.18993
0,-0.73194,-0.13183,-0.66534,-0.22337,-0.88167
0,1.8205,-0.24877,-0.6478,-0.39422,-0.86002
0,2.1234,-0.042322,-0.67278,0.15628,-0.88167
0,-0.49832,0.037706,2.6057,0.15628,2.3548
0,-0.23875,0.27346,-0.58679,0.15628,-0.78425
0,-0.70598,0.11431,-0.64739,0.15628,-0.86002
0,-0.73194,-0.24982,-0.67603,-0.4075,-0.88167
0,-0.64542,-0.1613,0.16731,-0.22337,0.18993
0,0.046785,0.055882,0.56779,0.15628,0.18993
0,-0.07435,-0.067798,-0.16795,-0.22337,0.18993
0,2.1234,-0.24934,-0.67683,-0.39422,-0.88167
0,-0.67137,-0.090796,-0.31449,-0.22337,0.18993
0,1.1803,-0.25096,-0.67935,-0.39422,-0.88167
0,0.28906,-0.098922,1.1875,-0.22337,0.18993
0,-0.73194,0.06494,0.7934,0.15628,0.18993
0,-0.07435,-0.25129,-0.67376,-0.39422,-0.78425
0,-0.65407,-0.19487,-0.1901,-0.22337,0.18993
0,-0.35123,-0.12099,0.47863,-0.22337,0.18993
0,-0.67137,-0.21112,-0.18859,-0.35625,-0.56776
0,-0.68868,-0.17996,-0.6799,-0.22337,0.18993
0,0.58324,-0.041244,-0.46204,0.15628,-0.56776
0,1.7513,-0.054661,0.14365,-0.22337,0.18993
0,0.76494,-0.023662,-0.27213,0.15628,-0.56776
0,0.59189,-0.25228,-0.68141,-0.22337,0.18993
0,0.59189,-0.12583,0.062093,-0.22337,0.18993
0,-0.68868,-0.2137,-0.55408,0.15628,-0.78425
0,1.7859,-0.11304,1.0532,-0.22337,0.18993
0,-0.68003,0.33896,0.62243,0.15628,2.3548
0,0.28906,-0.051547,0.52905,-0.22337,0.18993
0,-0.70598,0.036826,2.3995,0.15628,2.3548
0,-0.28201,-0.19098,-0.49036,0.15628,0.18993
0,1.8465,-0.24644,-0.68419,-0.22337,0.18993
0,-0.67137,-0.082532,0.97502,-0.22337,0.18993
0,-0.72329,-0.15678,0.36732,-0.22337,0.18993
0,-0.22144,0.41215,1.932,1.4851,2.3548
0,0.11601,-0.04886,-0.65807,0.15628,-0.86002
0,-0.013782,-0.026192,-0.65758,1.4851,-0.86002
0,0.63516,-0.12434,-0.51666,-0.22337,0.18993
0,-0.73194,-0.17563,-0.62329,-0.22337,-0.78425
0,-0.69733,-0.084606,1.2875,0.15628,2.3548
0,5.9305,0.042899,-0.66948,0.15628,-0.86002
0,-0.15222,-0.17996,-0.59277,-0.22337,0.18993
0,4.2519,0.18999,3.0049,0.15628,2.3548
0,-0.68003,-0.24914,-0.67827,-0.22337,0.18993
0,-0.64542,0.11122,-0.62216,0.15628,-0.78425
0,-0.73194,-0.24989,-0.67603,-0.4075,-0.88167
0,0.63516,-0.11244,1.1136,-0.22337,0.18993
0,-0.73194,-0.1936,-0.10658,-0.22337,0.18993
0,-0.62811,-0.17996,-0.67827,-0.22337,0.18993
0,-0.73194,0.052941,0.82969,0.15628,0.18993
0,0.67842,-0.23344,-0.6656,-0.35625,-0.86002
0,2.1234,0.047272,-0.56324,0.15628,-0.78425
0,1.1803,-0.17978,-0.47641,-0.22337,0.18993
0,0.27175,-0.16775,-0.24304,-0.22337,0.18993
0,-0.73194,-0.18901,-0.15639,-0.22337,0.18993
0,-0.64542,-0.2024,-0.44317,-0.22337,-0.78425
0,-0.73194,-0.16617,0.063137,-0.22337,0.18993
0,1.7513,-0.10387,1.1063,-0.22337,0.18993
0,-0.73194,-0.24973,-0.67454,-0.4075,-0.88167
0,-0.61946,-0.25029,-0.66055,-0.39422,-0.88167
0,-0.64542,-0.15493,-0.57236,-0.22337,0.18993
0,-0.23875,-0.060693,-0.40612,-0.22337,-0.78425
0,3.0665,0.052523,-0.0092725,0.15628,0.18993
0,-0.37719,-0.10105,-0.30163,-0.22337,0.18993
0,3.2396,-0.1564,0.14024,-0.22337,0.18993
0,-0.70598,-0.13104,0.12567,-0.22337,0.18993
0,-0.70598,-0.18092,-0.57236,-0.22337,0.18993
0,-0.63676,0.08597,2.3442,0.15628,2.3548
0,-0.64542,0.088798,2.9699,0.15628,2.3548
0,-0.73194,-0.12581,-0.48585,-0.22337,-0.78425
0,3.2396,-0.18949,-0.30163,-0.22337,0.18993
0,-0.73194,-0.1564,-0.028654,-0.22337,0.18993
0,0.21984,0.1553,1.5183,1.4851,0.18993
0,-0.60215,-0.13253,-0.64316,0.15628,0.18993
0,-0.68003,-0.15091,0.099009,-0.22337,0.18993
0,0.11601,-0.21254,-0.66791,-0.35625,-0.86002
0,0.046785,-0.25102,-0.68211,-0.4075,-0.88924
0,1.7859,-0.16328,-0.23988,0.15628,0.18993
0,-0.65407,-0.2024,-0.10658,-0.22337,0.18993
0,-0.73194,-0.25013,-0.67603,-0.4075,-0.88167
0,-0.67137,-0.23424,-0.67512,-0.35625,-0.86002
0,-0.73194,0.17661,3.4367,0.15628,2.3548
0,2.4695,-0.042902,-0.41973,0.15628,-0.56776
0,-0.67137,13.6959,-0.21951,13.8237,0.18993
0,-0.70598,0.11431,-0.6494,0.15628,-0.86002
0,-0.62811,-0.08344,1.3619,-0.22337,0.18993
0,-0.66272,-0.15751,-0.50601,-0.22337,0.18993
0,1.7513,-0.16706,-0.3092,-0.22337,0.18993
0,-0.70598,-0.10494,-0.49662,-0.22337,-0.78425
0,1.5523,0.27346,-0.60642,0.15628,-0.78425
