#node1	node2	node1_string_id	node2_string_id	node1_external_id	node2_external_id	neighborhood	fusion	cooccurence	homology	coexpression	experimental	knowledge	textmining	combined_score
TOP1	irinotecan	989008	-100003750	ENSP00000354522	3750	0.000	0.000	0.000	0.000	0.000	0.000	0.900	0.960	0.997
doxorubicin	docetaxel	-100001690	-100003143	1690	3143	0.000	0.000	0.000	0.000	0.000	0.000	0.000	0.998	0.998
EGFR	vinorelbine	980366	-100005672	ENSP00000275493	5672	0.000	0.000	0.000	0.000	0.000	0.000	0.000	0.898	0.898
temsirolimus	AZD8055	-100148191	-125001065	148191	25001065	0.000	0.000	0.000	0.000	0.000	0.000	0.000	0.569	0.569
cisplatin	olaparib	-100002767	-123725625	2767	23725625	0.000	0.000	0.000	0.000	0.000	0.000	0.000	0.630	0.630
gemcitabine	bortezomib	-100003461	-100093860	3461	93860	0.000	0.000	0.000	0.000	0.000	0.000	0.000	0.637	0.637
enzastaurin	everolimus	-100176166	-106442177	176166	6442177	0.000	0.000	0.000	0.000	0.000	0.000	0.000	0.523	0.523
tamoxifen	4-hydroxytamox.	-100005376	-100063062	5376	63062	0.000	0.000	0.000	0.999	0.000	0.000	0.000	0.954	0.954
EGFR	crizotinib	980366	-111597571	ENSP00000275493	11597571	0.000	0.000	0.000	0.000	0.000	0.000	0.700	0.264	0.772
CC49	MK-2206	-110127622	-124964624	10127622	24964624	0.000	0.000	0.000	0.000	0.000	0.000	0.000	0.499	0.498
doxorubicin	vorinostat	-100001690	-100005311	1690	5311	0.000	0.000	0.000	0.000	0.000	0.000	0.000	0.547	0.547
CC49	trametinib	-110127622	-111707110	10127622	11707110	0.000	0.000	0.000	0.000	0.000	0.000	0.000	0.583	0.583
cisplatin	irinotecan	-100002767	-100003750	2767	3750	0.000	0.000	0.000	0.000	0.000	0.000	0.000	0.800	0.800
vorinostat	temsirolimus	-100005311	-100148191	5311	148191	0.000	0.000	0.000	0.000	0.000	0.000	0.000	0.589	0.589
ABCG2	5-FU	977147	-100003385	ENSP00000237612	3385	0.000	0.000	0.000	0.000	0.000	0.000	0.800	0.366	0.869
DPYD	TOP1	990069	989008	ENSP00000359211	ENSP00000354522	0.000	0.000	0.000	0.000	0.000	0.000	0.000	0.427	0.427
docetaxel	bortezomib	-100003143	-100093860	3143	93860	0.000	0.000	0.000	0.000	0.000	0.000	0.000	0.654	0.654
5-FU	SN-38	-100003385	-100104842	3385	104842	0.000	0.000	0.000	0.000	0.000	0.000	0.000	0.766	0.766
gemcitabine	vandetanib	-100003461	-103081361	3461	3081361	0.000	0.000	0.000	0.000	0.000	0.000	0.000	0.495	0.495
docetaxel	5-FU	-100003143	-100003385	3143	3385	0.000	0.000	0.000	0.000	0.000	0.000	0.000	0.920	0.920
KDR	cediranib	979279	-109933475	ENSP00000263923	9933475	0.000	0.000	0.000	0.000	0.000	0.899	0.800	0.871	0.997
EGFR	gemcitabine	980366	-100003461	ENSP00000275493	3461	0.000	0.000	0.000	0.000	0.000	0.000	0.900	0.903	0.990
MET	crizotinib	984251	-111597571	ENSP00000317272	11597571	0.000	0.000	0.000	0.000	0.000	0.900	0.800	0.870	0.997
paclitaxel	cediranib	-100004666	-109933475	4666	9933475	0.000	0.000	0.000	0.000	0.000	0.000	0.000	0.581	0.581
ESR1	paclitaxel	976039	-100004666	ENSP00000206249	4666	0.000	0.000	0.000	0.000	0.000	0.000	0.000	0.636	0.636
5-azacytidine	etoposide	-100001805	-100003310	1805	3310	0.000	0.000	0.000	0.000	0.000	0.000	0.000	0.403	0.403
paclitaxel	gefitinib	-100004666	-100123631	4666	123631	0.000	0.000	0.000	0.000	0.000	0.000	0.000	0.966	0.966
TOP1	ABCG2	989008	977147	ENSP00000354522	ENSP00000237612	0.000	0.000	0.000	0.000	0.000	0.000	0.000	0.563	0.563
5-FU	topotecan	-100003385	-100005515	3385	5515	0.000	0.000	0.000	0.000	0.000	0.000	0.000	0.582	0.582
TOP1	TYMS	989008	984083	ENSP00000354522	ENSP00000315644	0.000	0.000	0.000	0.000	0.000	0.000	0.000	0.566	0.565
DPYD	bortezomib	990069	-100093860	ENSP00000359211	93860	0.000	0.000	0.000	0.000	0.000	0.000	0.700	0.000	0.700
docetaxel	vandetanib	-100003143	-103081361	3143	3081361	0.000	0.000	0.000	0.000	0.000	0.000	0.000	0.589	0.589
cisplatin	etoposide	-100002767	-100003310	2767	3310	0.000	0.000	0.000	0.000	0.000	0.000	0.000	0.935	0.935
bortezomib	everolimus	-100093860	-106442177	93860	6442177	0.000	0.000	0.000	0.000	0.000	0.000	0.000	0.550	0.550
doxorubicin	cisplatin	-100001690	-100002767	1690	2767	0.000	0.000	0.000	0.000	0.000	0.000	0.000	0.992	0.992
docetaxel	vinorelbine	-100003143	-100005672	3143	5672	0.000	0.000	0.000	0.000	0.000	0.000	0.000	0.990	0.990
cisplatin	1,2-diaminocyc.	-100002767	-100004610	2767	4610	0.000	0.000	0.000	0.000	0.000	0.000	0.000	0.991	0.991
etoposide	paclitaxel	-100003310	-100004666	3310	4666	0.000	0.000	0.000	0.000	0.000	0.000	0.000	0.946	0.946
etoposide	vinorelbine	-100003310	-100005672	3310	5672	0.000	0.000	0.000	0.000	0.000	0.000	0.000	0.867	0.867
bortezomib	gefitinib	-100093860	-100123631	93860	123631	0.000	0.000	0.000	0.000	0.000	0.000	0.000	0.582	0.582
vandetanib	afatinib	-103081361	-110163178	3081361	10163178	0.000	0.000	0.000	0.000	0.000	0.000	0.900	0.362	0.934
gemcitabine	vinorelbine	-100003461	-100005672	3461	5672	0.000	0.000	0.000	0.000	0.000	0.000	0.000	0.936	0.936
ESR2	etoposide	987437	-100003310	ENSP00000343925	3310	0.000	0.000	0.000	0.000	0.000	0.000	0.700	0.000	0.700
paclitaxel	FOLFIRI	-100004666	-156842117	4666	56842117	0.000	0.000	0.000	0.000	0.000	0.000	0.000	0.571	0.571
doxorubicin	etoposide	-100001690	-100003310	1690	3310	0.000	0.000	0.000	0.533	0.000	0.000	0.000	0.986	0.986
EGFR	tamoxifen	980366	-100005376	ENSP00000275493	5376	0.000	0.000	0.000	0.000	0.000	0.362	0.700	0.910	0.981
5-FU	FOLFIRI	-100003385	-156842117	3385	56842117	0.000	0.000	0.000	0.000	0.000	0.000	0.000	0.764	0.764
DCK	paclitaxel	981000	-100004666	ENSP00000286648	4666	0.000	0.000	0.000	0.000	0.000	0.000	0.000	0.822	0.822
docetaxel	temsirolimus	-100003143	-100148191	3143	148191	0.000	0.000	0.000	0.000	0.000	0.000	0.000	0.525	0.525
DPYD	EGFR	990069	980366	ENSP00000359211	ENSP00000275493	0.000	0.000	0.000	0.000	0.000	0.000	0.000	0.412	0.412
doxorubicin	irinotecan	-100001690	-100003750	1690	3750	0.000	0.000	0.000	0.000	0.000	0.000	0.000	0.924	0.924
KDR	regorafenib	979279	-111167602	ENSP00000263923	11167602	0.000	0.000	0.000	0.000	0.000	0.000	0.000	0.154	0.738
KDR	gefitinib	979279	-100123631	ENSP00000263923	123631	0.000	0.000	0.000	0.000	0.000	0.330	0.000	0.396	0.583
doxorubicin	FOLFOX	-100001690	-156842121	1690	56842121	0.000	0.000	0.000	0.000	0.000	0.000	0.000	0.556	0.556
doxorubicin	temsirolimus	-100001690	-100148191	1690	148191	0.000	0.000	0.000	0.000	0.000	0.000	0.000	0.571	0.571
5-azacytidine	vorinostat	-100001805	-100005311	1805	5311	0.000	0.000	0.000	0.000	0.000	0.000	0.000	0.585	0.585
gefitinib	FOLFIRI	-100123631	-156842117	123631	56842117	0.000	0.000	0.000	0.000	0.000	0.000	0.000	0.460	0.460
EGFR	ESR1	980366	976039	ENSP00000275493	ENSP00000206249	0.000	0.000	0.000	0.000	0.000	0.937	0.000	0.955	0.997
DPYD	irinotecan	990069	-100003750	ENSP00000359211	3750	0.000	0.000	0.000	0.000	0.000	0.000	0.700	0.399	0.814
AZD8055	AZD2014	-125001065	-125262792	25001065	25262792	0.000	0.000	0.000	0.789	0.000	0.000	0.000	0.537	0.537
bortezomib	navitoclax	-100093860	-124978538	93860	24978538	0.000	0.000	0.000	0.000	0.000	0.000	0.000	0.449	0.449
ABCG2	etoposide	977147	-100003310	ENSP00000237612	3310	0.000	0.000	0.000	0.000	0.000	0.000	0.900	0.544	0.953
cisplatin	paclitaxel	-100002767	-100004666	2767	4666	0.000	0.000	0.000	0.000	0.000	0.000	0.000	0.982	0.982
doxorubicin	everolimus	-100001690	-106442177	1690	6442177	0.000	0.000	0.000	0.000	0.000	0.000	0.000	0.499	0.499
DPYD	TYMS	990069	984083	ENSP00000359211	ENSP00000315644	0.090	0.000	0.000	0.000	0.000	0.000	0.000	0.860	0.864
TYMS	EGFR	984083	980366	ENSP00000315644	ENSP00000275493	0.000	0.000	0.000	0.000	0.000	0.000	0.000	0.516	0.516
paclitaxel	everolimus	-100004666	-106442177	4666	6442177	0.000	0.000	0.000	0.000	0.000	0.000	0.000	0.961	0.961
MET	ICI 182,780	984251	-100104741	ENSP00000317272	104741	0.000	0.000	0.000	0.000	0.000	0.000	0.000	0.719	0.719
vorinostat	everolimus	-100005311	-106442177	5311	6442177	0.000	0.000	0.000	0.000	0.000	0.000	0.000	0.511	0.511
gefitinib	everolimus	-100123631	-106442177	123631	6442177	0.000	0.000	0.000	0.000	0.000	0.000	0.000	0.627	0.627
etoposide	5-FU	-100003310	-100003385	3310	3385	0.000	0.000	0.000	0.000	0.000	0.000	0.000	0.811	0.811
paclitaxel	olaparib	-100004666	-123725625	4666	23725625	0.000	0.000	0.000	0.000	0.000	0.000	0.000	0.510	0.510
vandetanib	cediranib	-103081361	-109933475	3081361	9933475	0.000	0.000	0.000	0.000	0.000	0.000	0.000	0.711	0.711
docetaxel	gemcitabine	-100003143	-100003461	3143	3461	0.000	0.000	0.000	0.000	0.000	0.000	0.000	0.949	0.949
irinotecan	SN-38	-100003750	-100104842	3750	104842	0.000	0.000	0.000	0.000	0.000	0.000	0.000	0.947	0.947
gefitinib	temsirolimus	-100123631	-100148191	123631	148191	0.000	0.000	0.000	0.000	0.000	0.000	0.000	0.712	0.712
tivantinib	crizotinib	-111494412	-111597571	11494412	11597571	0.000	0.000	0.000	0.000	0.000	0.000	0.000	0.563	0.563
cisplatin	tamoxifen	-100002767	-100005376	2767	5376	0.000	0.000	0.000	0.000	0.000	0.000	0.000	0.677	0.677
MET	KDR	984251	979279	ENSP00000317272	ENSP00000263923	0.000	0.000	0.000	0.559	0.000	0.621	0.000	0.514	0.701
gemcitabine	olaparib	-100003461	-123725625	3461	23725625	0.000	0.000	0.000	0.000	0.000	0.000	0.000	0.452	0.452
everolimus	MK-2206	-106442177	-124964624	6442177	24964624	0.000	0.000	0.000	0.000	0.000	0.000	0.000	0.417	0.417
ICI 182,780	gefitinib	-100104741	-100123631	104741	123631	0.000	0.000	0.000	0.000	0.000	0.000	0.000	0.483	0.483
TOP1	cisplatin	989008	-100002767	ENSP00000354522	2767	0.000	0.000	0.000	0.000	0.000	0.000	0.000	0.424	0.424
CAL-101	BYL719	-111625818	-146178281	11625818	46178281	0.000	0.000	0.000	0.000	0.000	0.000	0.000	0.540	0.540
doxorubicin	bortezomib	-100001690	-100093860	1690	93860	0.000	0.000	0.000	0.000	0.000	0.000	0.000	0.844	0.844
gefitinib	afatinib	-100123631	-110163178	123631	10163178	0.000	0.000	0.000	0.000	0.000	0.000	0.900	0.660	0.965
CAL-101	navitoclax	-111625818	-124978538	11625818	24978538	0.000	0.000	0.000	0.000	0.000	0.000	0.000	0.421	0.421
SD 5	BYL719	-116654980	-146178281	16654980	46178281	0.000	0.000	0.000	0.000	0.000	0.000	0.000	0.421	0.421
EGFR	ABCG2	980366	977147	ENSP00000275493	ENSP00000237612	0.000	0.000	0.000	0.000	0.000	0.000	0.000	0.508	0.508
ESR1	4-hydroxytamox.	976039	-100063062	ENSP00000206249	63062	0.000	0.000	0.000	0.000	0.000	0.900	0.000	0.937	0.993
DCK	etoposide	981000	-100003310	ENSP00000286648	3310	0.000	0.000	0.000	0.000	0.000	0.000	0.900	0.159	0.913
etoposide	gemcitabine	-100003310	-100003461	3310	3461	0.000	0.000	0.000	0.000	0.000	0.000	0.000	0.792	0.792
docetaxel	FOLFOX	-100003143	-156842121	3143	56842121	0.000	0.000	0.000	0.000	0.000	0.000	0.000	0.563	0.563
topotecan	SN-38	-100005515	-100104842	5515	104842	0.000	0.000	0.000	0.000	0.000	0.000	0.000	0.711	0.766
vorinostat	bortezomib	-100005311	-100093860	5311	93860	0.000	0.000	0.000	0.000	0.000	0.000	0.000	0.700	0.700
topotecan	gefitinib	-100005515	-100123631	5515	123631	0.000	0.000	0.000	0.000	0.000	0.000	0.000	0.514	0.514
EGFR	4-anilinoquina.	980366	-105329046	ENSP00000275493	5329046	0.000	0.000	0.000	0.000	0.000	0.531	0.000	0.000	0.531
gemcitabine	vorinostat	-100003461	-100005311	3461	5311	0.000	0.000	0.000	0.000	0.000	0.000	0.000	0.428	0.428
TOP1	paclitaxel	989008	-100004666	ENSP00000354522	4666	0.000	0.000	0.000	0.000	0.000	0.000	0.000	0.493	0.493
AZD2014	BYL719	-125262792	-146178281	25262792	46178281	0.000	0.000	0.000	0.000	0.000	0.000	0.000	0.489	0.489
tamoxifen	idoxifene	-100005376	-100071331	5376	71331	0.000	0.000	0.000	0.786	0.000	0.000	0.000	0.605	0.605
TOP1	SN-38	989008	-100104842	ENSP00000354522	104842	0.000	0.000	0.000	0.000	0.000	0.589	0.800	0.960	0.996
EGFR	FOLFOX	980366	-156842121	ENSP00000275493	56842121	0.000	0.000	0.000	0.000	0.000	0.000	0.700	0.365	0.803
EGFR	paclitaxel	980366	-100004666	ENSP00000275493	4666	0.000	0.000	0.000	0.000	0.000	0.000	0.700	0.957	0.986
ABCG2	irinotecan	977147	-100003750	ENSP00000237612	3750	0.000	0.000	0.000	0.000	0.000	0.000	0.900	0.892	0.992
gemcitabine	temsirolimus	-100003461	-100148191	3461	148191	0.000	0.000	0.000	0.000	0.000	0.000	0.000	0.534	0.534
gefitinib	FOLFOX	-100123631	-156842121	123631	56842121	0.000	0.000	0.000	0.000	0.000	0.000	0.000	0.482	0.482
ESR2	ICI 182,780	987437	-100104741	ENSP00000343925	104741	0.000	0.000	0.000	0.000	0.000	0.800	0.900	0.916	0.998
doxorubicin	olaparib	-100001690	-123725625	1690	23725625	0.000	0.000	0.000	0.000	0.000	0.000	0.000	0.406	0.406
ESR1	ICI 182,780	976039	-100104741	ENSP00000206249	104741	0.000	0.000	0.000	0.000	0.000	0.800	0.900	0.939	0.998
ABCG2	ESR1	977147	976039	ENSP00000237612	ENSP00000206249	0.000	0.000	0.000	0.000	0.000	0.000	0.000	0.871	0.871
docetaxel	gefitinib	-100003143	-100123631	3143	123631	0.000	0.000	0.000	0.000	0.000	0.000	0.000	0.812	0.812
EGFR	doxorubicin	980366	-100001690	ENSP00000275493	1690	0.000	0.000	0.000	0.000	0.000	0.000	0.700	0.629	0.885
5-FU	gemcitabine	-100003385	-100003461	3385	3461	0.000	0.000	0.000	0.000	0.000	0.000	0.000	0.918	0.918
doxorubicin	gemcitabine	-100001690	-100003461	1690	3461	0.000	0.000	0.000	0.000	0.000	0.000	0.000	0.974	0.974
5-FU	irinotecan	-100003385	-100003750	3385	3750	0.000	0.000	0.000	0.000	0.000	0.000	0.000	0.861	0.861
ESR1	tamoxifen	976039	-100005376	ENSP00000206249	5376	0.000	0.000	0.000	0.000	0.000	0.900	0.900	0.966	0.999
irinotecan	bortezomib	-100003750	-100093860	3750	93860	0.000	0.000	0.000	0.000	0.000	0.000	0.000	0.534	0.534
5-azacytidine	5-FU	-100001805	-100003385	1805	3385	0.000	0.000	0.000	0.000	0.000	0.000	0.000	0.507	0.507
gemcitabine	paclitaxel	-100003461	-100004666	3461	4666	0.000	0.000	0.000	0.000	0.000	0.000	0.000	0.985	0.985
KDR	vandetanib	979279	-103081361	ENSP00000263923	3081361	0.000	0.000	0.000	0.000	0.000	0.867	0.800	0.902	0.997
ABCG2	olaparib	977147	-123725625	ENSP00000237612	23725625	0.000	0.000	0.000	0.000	0.000	0.000	0.000	0.811	0.811
EGFR	vorinostat	980366	-100005311	ENSP00000275493	5311	0.000	0.000	0.000	0.000	0.000	0.000	0.700	0.182	0.747
paclitaxel	tamoxifen	-100004666	-100005376	4666	5376	0.000	0.000	0.000	0.000	0.000	0.000	0.000	0.848	0.848
irinotecan	cediranib	-100003750	-109933475	3750	9933475	0.000	0.000	0.000	0.000	0.000	0.000	0.000	0.515	0.515
doxorubicin	SN-38	-100001690	-100104842	1690	104842	0.000	0.000	0.000	0.000	0.000	0.000	0.000	0.708	0.708
tamoxifen	ICI 182,780	-100005376	-100104741	5376	104741	0.000	0.000	0.000	0.000	0.000	0.000	0.000	0.904	0.904
MET	K R W	984251	-117754438	ENSP00000317272	17754438	0.000	0.000	0.000	0.000	0.000	0.900	0.000	0.181	0.915
cisplatin	vinorelbine	-100002767	-100005672	2767	5672	0.000	0.000	0.000	0.000	0.000	0.000	0.000	0.919	0.919
TYMS	docetaxel	984083	-100003143	ENSP00000315644	3143	0.000	0.000	0.000	0.000	0.000	0.000	0.900	0.266	0.924
gemcitabine	AZD7762	-100003461	-111152667	3461	11152667	0.000	0.000	0.000	0.000	0.000	0.000	0.000	0.411	0.411
EGFR	cediranib	980366	-109933475	ENSP00000275493	9933475	0.000	0.000	0.000	0.000	0.000	0.477	0.000	0.255	0.599
EGFR	irinotecan	980366	-100003750	ENSP00000275493	3750	0.000	0.000	0.000	0.000	0.000	0.000	0.700	0.530	0.854
5-FU	tamoxifen	-100003385	-100005376	3385	5376	0.000	0.000	0.000	0.000	0.000	0.000	0.000	0.722	0.722
irinotecan	FOLFIRI	-100003750	-156842117	3750	56842117	0.000	0.000	0.000	0.827	0.000	0.000	0.000	0.769	0.769
ABCG2	docetaxel	977147	-100003143	ENSP00000237612	3143	0.000	0.000	0.000	0.000	0.000	0.000	0.900	0.779	0.977
TYMS	irinotecan	984083	-100003750	ENSP00000315644	3750	0.000	0.000	0.000	0.000	0.000	0.000	0.800	0.876	0.974
TYMS	gemcitabine	984083	-100003461	ENSP00000315644	3461	0.000	0.000	0.000	0.000	0.000	0.000	0.800	0.412	0.878
KDR	paclitaxel	979279	-100004666	ENSP00000263923	4666	0.000	0.000	0.000	0.000	0.000	0.000	0.000	0.440	0.440
gefitinib	cediranib	-100123631	-109933475	123631	9933475	0.000	0.000	0.000	0.000	0.000	0.000	0.000	0.517	0.517
topotecan	temsirolimus	-100005515	-100148191	5515	148191	0.000	0.000	0.000	0.000	0.000	0.000	0.000	0.401	0.401
cisplatin	SN-38	-100002767	-100104842	2767	104842	0.000	0.000	0.000	0.000	0.000	0.000	0.000	0.644	0.644
5-azacytidine	bortezomib	-100001805	-100093860	1805	93860	0.000	0.000	0.000	0.000	0.000	0.000	0.000	0.402	0.402
EGFR	cisplatin	980366	-100002767	ENSP00000275493	2767	0.000	0.000	0.000	0.000	0.000	0.493	0.000	0.903	0.949
doxorubicin	paclitaxel	-100001690	-100004666	1690	4666	0.000	0.000	0.000	0.000	0.000	0.000	0.000	0.999	0.999
paclitaxel	topotecan	-100004666	-100005515	4666	5515	0.000	0.000	0.000	0.000	0.000	0.000	0.000	0.912	0.912
cisplatin	5-FU	-100002767	-100003385	2767	3385	0.000	0.000	0.000	0.000	0.000	0.000	0.000	0.949	0.949
docetaxel	tamoxifen	-100003143	-100005376	3143	5376	0.000	0.000	0.000	0.000	0.000	0.000	0.000	0.769	0.769
ABCG2	topotecan	977147	-100005515	ENSP00000237612	5515	0.000	0.000	0.000	0.000	0.000	0.692	0.900	0.963	0.998
cisplatin	topotecan	-100002767	-100005515	2767	5515	0.000	0.000	0.000	0.000	0.000	0.000	0.000	0.741	0.741
paclitaxel	SN-38	-100004666	-100104842	4666	104842	0.000	0.000	0.000	0.000	0.000	0.000	0.000	0.687	0.687
temsirolimus	CAL-101	-100148191	-111625818	148191	11625818	0.000	0.000	0.000	0.000	0.000	0.000	0.000	0.437	0.437
cisplatin	bortezomib	-100002767	-100093860	2767	93860	0.000	0.000	0.000	0.000	0.000	0.000	0.000	0.641	0.641
etoposide	gefitinib	-100003310	-100123631	3310	123631	0.000	0.000	0.000	0.000	0.000	0.000	0.000	0.422	0.422
DPYD	docetaxel	990069	-100003143	ENSP00000359211	3143	0.000	0.000	0.000	0.000	0.000	0.000	0.700	0.327	0.792
quinacrine	chloroquine	-100000237	-100002719	237	2719	0.000	0.000	0.000	0.797	0.000	0.000	0.000	0.768	0.768
bortezomib	enzastaurin	-100093860	-100176166	93860	176166	0.000	0.000	0.000	0.000	0.000	0.000	0.000	0.460	0.460
FOLFIRI	FOLFOX	-156842117	-156842121	56842117	56842121	0.000	0.000	0.000	0.000	0.000	0.000	0.000	0.830	0.830
everolimus	KU-60019	-106442177	-115953870	6442177	15953870	0.000	0.000	0.000	0.000	0.000	0.000	0.000	0.482	0.482
ABCG2	gefitinib	977147	-100123631	ENSP00000237612	123631	0.000	0.000	0.000	0.000	0.000	0.599	0.900	0.847	0.993
MET	cediranib	984251	-109933475	ENSP00000317272	9933475	0.000	0.000	0.000	0.000	0.000	0.344	0.000	0.148	0.472
EGFR	topotecan	980366	-100005515	ENSP00000275493	5515	0.000	0.000	0.000	0.000	0.000	0.000	0.700	0.849	0.953
ESR1	docetaxel	976039	-100003143	ENSP00000206249	3143	0.000	0.000	0.000	0.000	0.000	0.000	0.000	0.494	0.494
EGFR	KDR	980366	979279	ENSP00000275493	ENSP00000263923	0.000	0.000	0.000	0.551	0.000	0.239	0.000	0.660	0.456
cisplatin	FOLFOX	-100002767	-156842121	2767	56842121	0.000	0.000	0.000	0.000	0.000	0.000	0.000	0.545	0.545
EGFR	5-FU	980366	-100003385	ENSP00000275493	3385	0.000	0.000	0.000	0.000	0.000	0.000	0.700	0.525	0.853
SN-38	FOLFIRI	-100104842	-156842117	104842	56842117	0.000	0.000	0.000	0.748	0.000	0.000	0.000	0.536	0.536
tamoxifen	gefitinib	-100005376	-100123631	5376	123631	0.000	0.000	0.000	0.000	0.000	0.000	0.000	0.657	0.657
docetaxel	FOLFIRI	-100003143	-156842117	3143	56842117	0.000	0.000	0.000	0.000	0.000	0.000	0.000	0.557	0.557
gefitinib	vandetanib	-100123631	-103081361	123631	3081361	0.000	0.000	0.000	0.645	0.000	0.000	0.900	0.711	0.970
vandetanib	everolimus	-103081361	-106442177	3081361	6442177	0.000	0.000	0.000	0.000	0.000	0.000	0.000	0.558	0.558
5-FU	vinorelbine	-100003385	-100005672	3385	5672	0.000	0.000	0.000	0.000	0.000	0.000	0.000	0.813	0.813
AZD8055	BYL719	-125001065	-146178281	25001065	46178281	0.000	0.000	0.000	0.000	0.000	0.000	0.000	0.489	0.489
etoposide	bortezomib	-100003310	-100093860	3310	93860	0.000	0.000	0.000	0.000	0.000	0.000	0.000	0.599	0.599
TOP1	doxorubicin	989008	-100001690	ENSP00000354522	1690	0.000	0.000	0.000	0.000	0.000	0.175	0.000	0.509	0.583
ABCG2	cisplatin	977147	-100002767	ENSP00000237612	2767	0.000	0.000	0.000	0.000	0.000	0.000	0.800	0.904	0.980
doxorubicin	ICI 182,780	-100001690	-100104741	1690	104741	0.000	0.000	0.000	0.000	0.000	0.000	0.000	0.429	0.429
cisplatin	vorinostat	-100002767	-100005311	2767	5311	0.000	0.000	0.000	0.000	0.000	0.000	0.000	0.409	0.409
doxorubicin	tamoxifen	-100001690	-100005376	1690	5376	0.000	0.000	0.000	0.000	0.000	0.000	0.000	0.919	0.919
doxorubicin	vinorelbine	-100001690	-100005672	1690	5672	0.000	0.000	0.000	0.000	0.000	0.000	0.000	0.983	0.983
paclitaxel	CC49	-100004666	-110127622	4666	10127622	0.000	0.000	0.000	0.000	0.000	0.000	0.000	0.480	0.480
TOP1	5-FU	989008	-100003385	ENSP00000354522	3385	0.000	0.000	0.000	0.000	0.000	0.000	0.150	0.463	0.530
5-azacytidine	cisplatin	-100001805	-100002767	1805	2767	0.000	0.000	0.000	0.000	0.000	0.000	0.000	0.512	0.512
gemcitabine	tamoxifen	-100003461	-100005376	3461	5376	0.000	0.000	0.000	0.000	0.000	0.000	0.000	0.488	0.488
paclitaxel	vorinostat	-100004666	-100005311	4666	5311	0.000	0.000	0.000	0.000	0.000	0.000	0.000	0.565	0.565
temsirolimus	MK-2206	-100148191	-124964624	148191	24964624	0.000	0.000	0.000	0.000	0.000	0.000	0.000	0.541	0.541
irinotecan	gefitinib	-100003750	-100123631	3750	123631	0.000	0.000	0.000	0.000	0.000	0.000	0.000	0.710	0.710
MET	EGFR	984251	980366	ENSP00000317272	ENSP00000275493	0.000	0.000	0.000	0.609	0.000	0.846	0.000	0.947	0.903
TYMS	DCK	984083	981000	ENSP00000315644	ENSP00000286648	0.000	0.000	0.000	0.000	0.260	0.000	0.000	0.562	0.654
MET	CC 243	984251	-111213558	ENSP00000317272	11213558	0.000	0.000	0.000	0.000	0.000	0.500	0.000	0.000	0.500
irinotecan	temsirolimus	-100003750	-100148191	3750	148191	0.000	0.000	0.000	0.000	0.000	0.000	0.000	0.489	0.489
doxorubicin	5-azacytidine	-100001690	-100001805	1690	1805	0.000	0.000	0.000	0.000	0.000	0.000	0.000	0.496	0.638
cisplatin	docetaxel	-100002767	-100003143	2767	3143	0.000	0.000	0.000	0.000	0.000	0.000	0.000	0.950	0.950
ABCG2	tamoxifen	977147	-100005376	ENSP00000237612	5376	0.000	0.000	0.000	0.000	0.000	0.000	0.900	0.828	0.982
5-FU	FOLFOX	-100003385	-156842121	3385	56842121	0.000	0.000	0.000	0.000	0.000	0.000	0.000	0.768	0.768
vinorelbine	gefitinib	-100005672	-100123631	5672	123631	0.000	0.000	0.000	0.000	0.000	0.000	0.000	0.710	0.710
tamoxifen	vinorelbine	-100005376	-100005672	5376	5672	0.000	0.000	0.000	0.000	0.000	0.000	0.000	0.560	0.560
temsirolimus	enzastaurin	-100148191	-100176166	148191	176166	0.000	0.000	0.000	0.000	0.000	0.000	0.000	0.620	0.620
docetaxel	etoposide	-100003143	-100003310	3143	3310	0.000	0.000	0.000	0.000	0.000	0.000	0.000	0.864	0.864
KDR	4-anilinoquina.	979279	-105329046	ENSP00000263923	5329046	0.000	0.000	0.000	0.000	0.000	0.700	0.000	0.000	0.700
doxorubicin	topotecan	-100001690	-100005515	1690	5515	0.000	0.000	0.000	0.000	0.000	0.000	0.000	0.952	0.952
topotecan	vinorelbine	-100005515	-100005672	5515	5672	0.000	0.000	0.000	0.000	0.000	0.000	0.000	0.803	0.803
DCK	bortezomib	981000	-100093860	ENSP00000286648	93860	0.000	0.000	0.000	0.000	0.000	0.000	0.700	0.800	0.938
DPYD	5-FU	990069	-100003385	ENSP00000359211	3385	0.000	0.000	0.000	0.000	0.000	0.836	0.900	0.964	0.999
cisplatin	everolimus	-100002767	-106442177	2767	6442177	0.000	0.000	0.000	0.000	0.000	0.000	0.000	0.669	0.669
KDR	doxorubicin	979279	-100001690	ENSP00000263923	1690	0.000	0.000	0.000	0.000	0.000	0.000	0.000	0.842	0.842
irinotecan	topotecan	-100003750	-100005515	3750	5515	0.000	0.000	0.000	0.816	0.000	0.000	0.000	0.765	0.765
4-hydroxytamox.	ICI 182,780	-100063062	-100104741	63062	104741	0.000	0.000	0.000	0.000	0.000	0.000	0.000	0.718	0.718
paclitaxel	afatinib	-100004666	-110163178	4666	10163178	0.000	0.000	0.000	0.000	0.000	0.000	0.000	0.440	0.440
etoposide	topotecan	-100003310	-100005515	3310	5515	0.000	0.000	0.000	0.000	0.000	0.000	0.000	0.751	0.751
SN-38	gefitinib	-100104842	-100123631	104842	123631	0.000	0.000	0.000	0.000	0.000	0.000	0.000	0.421	0.421
irinotecan	FOLFOX	-100003750	-156842121	3750	56842121	0.000	0.000	0.000	0.000	0.000	0.000	0.000	0.767	0.767
cisplatin	temsirolimus	-100002767	-100148191	2767	148191	0.000	0.000	0.000	0.000	0.000	0.000	0.000	0.420	0.420
everolimus	AZD8055	-106442177	-125001065	6442177	25001065	0.000	0.000	0.000	0.000	0.000	0.000	0.000	0.486	0.486
bortezomib	temsirolimus	-100093860	-100148191	93860	148191	0.000	0.000	0.000	0.000	0.000	0.000	0.000	0.685	0.685
EGFR	saracatinib	980366	-110302451	ENSP00000275493	10302451	0.000	0.000	0.000	0.000	0.000	0.397	0.000	0.183	0.492
KDR	CC 243	979279	-111213558	ENSP00000263923	11213558	0.000	0.000	0.000	0.000	0.000	0.820	0.000	0.000	0.820
paclitaxel	vandetanib	-100004666	-103081361	4666	3081361	0.000	0.000	0.000	0.000	0.000	0.000	0.000	0.664	0.664
TYMS	5-FU	984083	-100003385	ENSP00000315644	3385	0.000	0.000	0.000	0.000	0.000	0.750	0.900	0.994	0.999
ESR1	bortezomib	976039	-100093860	ENSP00000206249	93860	0.000	0.000	0.000	0.000	0.000	0.000	0.000	0.819	0.819
irinotecan	paclitaxel	-100003750	-100004666	3750	4666	0.000	0.000	0.000	0.000	0.000	0.000	0.000	0.941	0.941
EGFR	docetaxel	980366	-100003143	ENSP00000275493	3143	0.000	0.000	0.000	0.000	0.000	0.000	0.900	0.615	0.960
etoposide	tamoxifen	-100003310	-100005376	3310	5376	0.000	0.000	0.000	0.000	0.000	0.000	0.000	0.520	0.520
EGFR	4-hydroxytamox.	980366	-100063062	ENSP00000275493	63062	0.000	0.000	0.000	0.000	0.000	0.000	0.700	0.272	0.775
EGFR	vandetanib	980366	-103081361	ENSP00000275493	3081361	0.000	0.000	0.000	0.000	0.000	0.900	0.800	0.876	0.997
ESR1	doxorubicin	976039	-100001690	ENSP00000206249	1690	0.000	0.000	0.000	0.000	0.000	0.000	0.000	0.609	0.609
temsirolimus	cediranib	-100148191	-109933475	148191	9933475	0.000	0.000	0.000	0.000	0.000	0.000	0.000	0.620	0.620
paclitaxel	vinorelbine	-100004666	-100005672	4666	5672	0.000	0.000	0.000	0.000	0.000	0.000	0.000	0.995	0.995
gemcitabine	SN-38	-100003461	-100104842	3461	104842	0.000	0.000	0.000	0.000	0.000	0.000	0.000	0.534	0.534
temsirolimus	vandetanib	-100148191	-103081361	148191	3081361	0.000	0.000	0.000	0.000	0.000	0.000	0.000	0.559	0.559
docetaxel	irinotecan	-100003143	-100003750	3143	3750	0.000	0.000	0.000	0.000	0.000	0.000	0.000	0.897	0.897
ESR2	EGFR	987437	980366	ENSP00000343925	ENSP00000275493	0.000	0.000	0.000	0.000	0.000	0.000	0.000	0.461	0.461
MET	gefitinib	984251	-100123631	ENSP00000317272	123631	0.000	0.000	0.000	0.000	0.000	0.000	0.000	0.430	0.430
temsirolimus	everolimus	-100148191	-106442177	148191	6442177	0.000	0.000	0.000	0.981	0.000	0.000	0.000	0.934	0.980
docetaxel	paclitaxel	-100003143	-100004666	3143	4666	0.000	0.000	0.000	0.856	0.000	0.000	0.000	0.999	0.999
docetaxel	everolimus	-100003143	-106442177	3143	6442177	0.000	0.000	0.000	0.000	0.000	0.000	0.000	0.424	0.424
irinotecan	vinorelbine	-100003750	-100005672	3750	5672	0.000	0.000	0.000	0.000	0.000	0.000	0.000	0.812	0.812
ESR2	tamoxifen	987437	-100005376	ENSP00000343925	5376	0.000	0.000	0.000	0.000	0.000	0.800	0.900	0.926	0.998
everolimus	cediranib	-106442177	-109933475	6442177	9933475	0.000	0.000	0.000	0.000	0.000	0.000	0.000	0.510	0.510
gefitinib	crizotinib	-100123631	-111597571	123631	11597571	0.000	0.000	0.000	0.000	0.000	0.000	0.000	0.549	0.549
docetaxel	topotecan	-100003143	-100005515	3143	5515	0.000	0.000	0.000	0.000	0.000	0.000	0.000	0.842	0.842
tamoxifen	olaparib	-100005376	-123725625	5376	23725625	0.000	0.000	0.000	0.000	0.000	0.000	0.000	0.465	0.465
afatinib	crizotinib	-110163178	-111597571	10163178	11597571	0.000	0.000	0.000	0.000	0.000	0.000	0.000	0.421	0.421
EGFR	gefitinib	980366	-100123631	ENSP00000275493	123631	0.000	0.000	0.000	0.000	0.000	0.900	0.900	0.965	0.999
gemcitabine	FOLFOX	-100003461	-156842121	3461	56842121	0.000	0.000	0.000	0.000	0.000	0.000	0.000	0.589	0.589
doxorubicin	FOLFIRI	-100001690	-156842117	1690	56842117	0.000	0.000	0.000	0.000	0.000	0.000	0.000	0.498	0.498
GDC-0941	MK-2206	-117755052	-124964624	17755052	24964624	0.000	0.000	0.000	0.000	0.000	0.000	0.000	0.474	0.473
5-FU	paclitaxel	-100003385	-100004666	3385	4666	0.000	0.000	0.000	0.000	0.000	0.000	0.000	0.961	0.961
paclitaxel	bortezomib	-100004666	-100093860	4666	93860	0.000	0.000	0.000	0.000	0.000	0.000	0.000	0.733	0.733
etoposide	SN-38	-100003310	-100104842	3310	104842	0.000	0.000	0.000	0.000	0.000	0.000	0.000	0.581	0.581
docetaxel	CC49	-100003143	-110127622	3143	10127622	0.000	0.000	0.000	0.000	0.000	0.000	0.000	0.405	0.405
DCK	gemcitabine	981000	-100003461	ENSP00000286648	3461	0.000	0.000	0.000	0.000	0.000	0.900	0.900	0.979	0.999
gemcitabine	FOLFIRI	-100003461	-156842117	3461	56842117	0.000	0.000	0.000	0.000	0.000	0.000	0.000	0.460	0.460
doxorubicin	5-FU	-100001690	-100003385	1690	3385	0.000	0.000	0.000	0.000	0.000	0.000	0.000	0.975	0.975
enzastaurin	cediranib	-100176166	-109933475	176166	9933475	0.000	0.000	0.000	0.000	0.000	0.000	0.000	0.479	0.479
KDR	ESR1	979279	976039	ENSP00000263923	ENSP00000206249	0.000	0.000	0.000	0.000	0.000	0.000	0.000	0.461	0.461
doxorubicin	gefitinib	-100001690	-100123631	1690	123631	0.000	0.000	0.000	0.000	0.000	0.000	0.000	0.680	0.680
MK-2206	AZD8055	-124964624	-125001065	24964624	25001065	0.000	0.000	0.000	0.000	0.000	0.000	0.000	0.489	0.489
DPYD	5-azacytidine	990069	-100001805	ENSP00000359211	1805	0.000	0.000	0.000	0.000	0.000	0.000	0.700	0.000	0.700
EGFR	bortezomib	980366	-100093860	ENSP00000275493	93860	0.000	0.000	0.000	0.000	0.000	0.000	0.000	0.846	0.846
5-FU	gefitinib	-100003385	-100123631	3385	123631	0.000	0.000	0.000	0.000	0.000	0.000	0.000	0.563	0.563
ABCG2	SN-38	977147	-100104842	ENSP00000237612	104842	0.000	0.000	0.000	0.000	0.000	0.689	0.000	0.905	0.969
gemcitabine	everolimus	-100003461	-106442177	3461	6442177	0.000	0.000	0.000	0.000	0.000	0.000	0.000	0.425	0.425
EGFR	afatinib	980366	-110163178	ENSP00000275493	10163178	0.000	0.000	0.000	0.000	0.000	0.900	0.900	0.543	0.995
CAL-101	GDC-0941	-111625818	-117755052	11625818	17755052	0.000	0.000	0.000	0.000	0.000	0.000	0.000	0.486	0.486
5-azacytidine	gemcitabine	-100001805	-100003461	1805	3461	0.000	0.000	0.000	0.000	0.000	0.000	0.000	0.709	0.709
gemcitabine	irinotecan	-100003461	-100003750	3461	3750	0.000	0.000	0.000	0.000	0.000	0.000	0.000	0.807	0.807
EGFR	CC 243	980366	-111213558	ENSP00000275493	11213558	0.000	0.000	0.000	0.000	0.000	0.800	0.000	0.000	0.800
ESR2	ESR1	987437	976039	ENSP00000343925	ENSP00000206249	0.000	0.000	0.000	0.925	0.000	0.981	0.900	0.980	0.998
ESR2	4-hydroxytamox.	987437	-100063062	ENSP00000343925	63062	0.000	0.000	0.000	0.000	0.000	0.900	0.700	0.464	0.982
paclitaxel	FOLFOX	-100004666	-156842121	4666	56842121	0.000	0.000	0.000	0.000	0.000	0.000	0.000	0.642	0.642
TOP1	topotecan	989008	-100005515	ENSP00000354522	5515	0.000	0.000	0.000	0.000	0.000	0.900	0.900	0.949	0.999
gemcitabine	gefitinib	-100003461	-100123631	3461	123631	0.000	0.000	0.000	0.000	0.000	0.000	0.000	0.724	0.724
irinotecan	vandetanib	-100003750	-103081361	3750	3081361	0.000	0.000	0.000	0.000	0.000	0.000	0.000	0.541	0.541
TOP1	etoposide	989008	-100003310	ENSP00000354522	3310	0.000	0.000	0.000	0.000	0.000	0.000	0.000	0.912	0.912
paclitaxel	ICI 182,780	-100004666	-100104741	4666	104741	0.000	0.000	0.000	0.000	0.000	0.000	0.000	0.532	0.532
gemcitabine	topotecan	-100003461	-100005515	3461	5515	0.000	0.000	0.000	0.000	0.000	0.000	0.000	0.758	0.758
TOP1	EGFR	989008	980366	ENSP00000354522	ENSP00000275493	0.000	0.000	0.000	0.000	0.000	0.000	0.000	0.435	0.435
cisplatin	FOLFIRI	-100002767	-156842117	2767	56842117	0.000	0.000	0.000	0.000	0.000	0.000	0.000	0.485	0.485
etoposide	irinotecan	-100003310	-100003750	3310	3750	0.000	0.000	0.000	0.000	0.000	0.000	0.000	0.745	0.745
idoxifene	ICI 182,780	-100071331	-100104741	71331	104741	0.000	0.000	0.000	0.000	0.000	0.000	0.000	0.545	0.545
ABCG2	ICI 182,780	977147	-100104741	ENSP00000237612	104741	0.000	0.000	0.000	0.000	0.000	0.000	0.000	0.800	0.800
temsirolimus	CC49	-100148191	-110127622	148191	10127622	0.000	0.000	0.000	0.000	0.000	0.000	0.000	0.466	0.466
DCK	5-azacytidine	981000	-100001805	ENSP00000286648	1805	0.000	0.000	0.000	0.000	0.000	0.000	0.000	0.911	0.911
paclitaxel	temsirolimus	-100004666	-100148191	4666	148191	0.000	0.000	0.000	0.000	0.000	0.000	0.000	0.727	0.727
ABCG2	doxorubicin	977147	-100001690	ENSP00000237612	1690	0.000	0.000	0.000	0.000	0.000	0.000	0.800	0.829	0.964
docetaxel	SN-38	-100003143	-100104842	3143	104842	0.000	0.000	0.000	0.000	0.000	0.000	0.000	0.577	0.577
cisplatin	gemcitabine	-100002767	-100003461	2767	3461	0.000	0.000	0.000	0.000	0.000	0.000	0.000	0.936	0.936
MET	tivantinib	984251	-111494412	ENSP00000317272	11494412	0.000	0.000	0.000	0.000	0.000	0.000	0.000	0.862	0.862
TOP1	ESR1	989008	976039	ENSP00000354522	ENSP00000206249	0.000	0.000	0.000	0.000	0.000	0.301	0.000	0.341	0.508
ABCG2	paclitaxel	977147	-100004666	ENSP00000237612	4666	0.000	0.000	0.000	0.000	0.000	0.000	0.150	0.850	0.869
cisplatin	gefitinib	-100002767	-100123631	2767	123631	0.000	0.000	0.000	0.000	0.000	0.000	0.000	0.724	0.724
